707
2130
309
3336
32
260
578
291
4833
230
3818
3818
3002
368
1369
678
1457
576
2921
178
3991
535
2635
2912
3360
823
3703
336
697
879
2274
1080
3028
892
2993
1906
762
1118
1665
84
369
4784
369
4784
2369
1891
607
187
706
3701
626
4005
449
2002
2002
1637
576
732
611
697
1605
205
95
273
3818
269
1254
3272
859
460
1080
2947
2158
3703
3703
789
416
449
2776
1146
578
52
799
2947
1029
3363
1067
3703
623
2723
252
4236
2937
457
563
911
361
434
499
465
1061
1992
634
480
367
1029
4458
3333
1716
2377
1067
2913
587
1084
412
2958
732
1310
830
202
2488
1239
500
2348
20
501
716
3834
589
432
1214
439
4833
1640
440
187
251
173
1571
3109
174
2091
1314
3701
2002
345
316
1029
587
106
3816
329
616
995
536
521
1221
346
3994
789
988
47
2091
2168
428
290
737
1487
151
929
929
929
1115
424
3000
1212
707
3333
1193
329
476
1009
3282
3096
245
2542
3711
3033
4070
2996
3259
1174
587
1342
370
3282
558
449
522
189
4777
4823
2441
789
2778
1037
3701
1115
3017
678
2765
2485
3780
436
1384
408
1716
4068
72
600
280
3831
697
892
1572
455
3837
684
1067
4816
2847
732
2087
1888
252
798
1225
1912
3968
345
1403
2912
526
1860
965
387
606
2733
623
67
430
1801
117
3987
163
71
823
837
3816
3004
3272
789
2002
367
3991
870
1119
265
432
3704
345
345
345
345
345
345
345
345
345
2369
732
1165
1165
3292
2814
616
578
3272
555
2091
3715
90
1906
361
3705
345
345
2083
3272
233
1130
3272
875
943
4188
2348
578
326
137
432
314
2757
314
314
1184
314
314
314
1212
4408
254
706
1743
3815
534
3815
366
697
2118
892
169
262
171
4180
789
3953
207
2901
2385
762
429
1000
988
1037
1114
1174
4069
3945
105
575
176
500
2814
471
626
370
1760
2733
227
37
37
2961
3108
412
681
870
412
877
877
3653
17
762
2325
733
892
692
969
1466
439
341
3336
33
4007
3272
238
2301
4778
4778
4778
4778
139
4156
2183
2434
3036
4712
1545
545
2505
351
4833
4787
1403
1403
1403
126
823
823
823
823
823
823
823
360
150
652
771
4272
710
2805
2217
1992
1992
2167
2733
681
2040
1273
1805
599
424
3873
360
3272
2284
2284
102
2733
2998
166
997
2836
2946
2947
522
1912
1502
2711
1802
4776
4776
2485
3333
3106
210
142
143
599
2990
2490
3815
423
762
152
1670
789
2369
344
522
2218
797
4833
269
2286
3490
2085
528
387
530
1891
2054
3830
312
361
3692
2666
1138
451
532
3339
1825
3272
684
102
3028
4778
2079
290
707
789
244
328
678
159
535
1891
1407
681
799
74
707
245
123
123
188
1912
636
1946
90
1058
1424
443
992
684
261
965
616
902
412
2452
3272
2946
4744
2798
593
2100
1272
428
95
2814
4787
4787
142
556
1801
4790
4790
4068
4204
649
556
3701
540
535
4273
2425
4833
558
3991
3752
1086
1912
519
4156
3259
892
534
837
676
975
351
1670
531
1459
432
3711
686
252
2916
3698
871
431
439
1039
2156
297
445
330
406
1502
1584
262
1457
535
3383
634
986
2732
4123
1073
732
142
173
3953
4833
4281
189
762
3490
2142
1458
209
3503
4758
4264
1055
875
323
4833
3333
684
3499
52
52
52
52
87
1652
990
60
330
1458
269
992
156
431
1743
167
209
2490
2663
1543
1543
1543
3866
245
3681
387
1604
4018
3711
10
1424
297
74
739
3363
3490
109
1386
589
1526
762
556
3234
1803
165
400
3272
528
528
522
157
4833
166
910
892
837
607
2733
569
405
892
2899
1163
1163
3275
1479
3820
2044
87
397
3346
1664
678
740
3102
3001
2648
457
649
3272
4067
1716
892
334
536
2142
332
2382
2814
163
258
3282
360
2326
990
2089
3590
4787
71
1415
587
3987
193
195
1640
2732
401
2302
2732
4520
4520
1891
525
1991
3711
2441
530
1571
886
762
311
528
480
3272
4794
4794
1334
872
504
1067
990
18
1184
3994
2369
178
903
359
2253
2505
2505
732
1029
3002
4083
693
4830
589
49
346
1215
1096
4433
677
1054
276
3455
2990
2798
2131
697
139
2375
316
4517
587
706
556
260
1811
504
1643
403
3994
990
3363
182
740
2083
3356
504
1102
1102
607
1115
2626
578
789
740
3259
830
4775
370
4273
459
3673
692
290
990
2084
370
797
636
3314
1951
1606
4790
3036
2085
556
587
576
3988
2073
892
1152
2126
540
2492
87
191
3102
1383
1383
1383
1383
1383
732
2913
522
1994
3189
134
1301
476
907
697
2286
1669
1080
190
2301
3272
3019
58
340
789
4762
457
3366
1039
462
3212
3212
3212
4833
2492
649
3701
771
4970
877
4833
2217
4083
354
1572
911
1706
3364
329
1165
1165
1165
359
697
2958
4833
222
2714
443
649
3797
599
859
556
2360
449
929
318
3272
751
118
440
457
1457
1906
4833
859
35
450
4156
189
233
251
4833
2946
530
611
3214
1834
1226
2757
1987
1987
570
270
460
254
799
3698
1202
522
209
640
427
559
599
207
530
3346
636
649
368
1213
1054
1054
105
105
3330
290
762
396
2626
1640
199
1891
1852
599
3455
2707
344
4068
39
4919
262
678
73
144
532
2590
436
1102
469
1086
269
496
496
496
496
496
496
496
496
496
496
476
1119
1459
871
837
33
478
3338
148
160
1528
4776
238
859
3106
2940
2948
815
542
1323
693
294
4565
2476
3943
1384
4833
408
2384
534
652
771
589
587
129
331
1921
2791
892
2733
213
3752
1748
280
599
4068
534
439
770
1488
189
1372
1333
2946
286
3106
2485
3333
3303
3303
1864
1976
104
450
363
891
599
471
4833
3692
3272
903
2201
412
1665
1859
1219
280
154
4833
4012
3490
3704
187
697
589
1638
1165
4565
1852
2495
3873
903
536
4009
3287
3356
3028
119
310
330
153
2142
2040
2999
2492
432
3019
450
911
3969
261
558
3828
607
460
681
2168
42
732
908
104
536
1214
230
3780
623
732
167
1253
3272
261
693
3490
3824
3333
4012
517
2996
396
4823
2775
2002
3106
304
652
1498
915
278
570
4769
990
2291
628
3333
3303
525
3871
891
251
1182
2732
2091
789
519
70
1742
2271
4833
133
871
412
1912
2359
3863
4762
3909
251
917
324
3715
486
345
345
345
345
345
345
345
2142
2143
1675
1742
354
354
354
354
354
3334
812
834
634
1387
3272
3873
911
2635
734
142
892
678
117
676
179
789
732
681
732
892
239
740
543
676
599
739
273
4122
4741
3981
4758
4777
313
3336
4156
2568
2568
94
2131
376
534
3314
436
990
678
424
2301
3971
2946
200
3340
208
892
309
3487
328
2884
283
1832
990
589
2258
153
2429
2061
423
140
528
2084
658
4833
3948
1859
628
1742
158
478
287
521
108
2733
957
789
1891
121
224
19
635
4264
331
2912
4272
241
903
2570
165
859
944
1184
1184
733
4409
308
201
403
360
555
323
166
576
202
439
1664
3983
58
2532
443
892
4297
923
545
4029
159
924
2383
3333
2911
3864
1708
500
2913
239
525
4776
3227
4777
228
1032
2086
2086
1944
2961
3141
1403
3006
1118
1118
578
4833
1919
3503
3035
1917
3503
3711
4833
2091
911
3333
4264
3272
323
2761
834
2814
3272
383
1749
353
4083
3943
396
733
626
264
4833
740
1945
94
3943
567
697
262
1067
283
892
157
1253
3701
1504
2296
693
4822
167
4775
1945
4775
2920
95
3711
2912
318
3765
3837
3969
906
678
837
4297
334
163
599
789
799
1705
1796
3701
1342
4069
2732
3701
4329
2071
3816
3943
80
151
81
3987
530
1803
312
3991
762
3314
697
4272
2451
3953
2836
789
4162
1032
1143
2074
1343
3945
1891
910
1803
227
283
3558
1080
1080
1080
1080
732
119
2485
2488
1311
424
607
892
589
407
3630
433
4451
329
163
2304
187
732
892
429
626
187
370
910
3704
326
3333
3703
3971
892
4833
2855
4018
2284
1749
3001
2429
239
699
588
316
2429
2429
457
3214
345
587
3750
351
578
284
2814
1605
636
182
521
2913
3815
308
3009
823
126
1073
3991
706
1415
3455
316
2733
3199
3837
678
2998
2956
915
762
1992
3032
770
3272
3272
3752
2993
499
397
460
423
4833
133
191
209
896
2912
3179
3292
3292
345
1219
3240
2281
350
2671
2671
2671
2671
2671
2671
2671
2671
837
2671
3701
2671
326
360
2777
589
199
2532
569
4833
4784
589
3226
449
3314
3980
3705
97
408
3825
140
2167
310
859
4833
1750
1990
1372
1801
3338
2492
1152
892
576
4833
975
526
623
87
684
789
3122
3701
693
1086
2913
3970
478
3214
4159
2732
339
892
589
436
1281
415
423
340
496
2626
2542
674
80
1407
1488
3091
739
71
3765
148
692
2202
449
4408
318
1118
1951
332
2814
331
2183
1886
3336
4083
3097
2193
3106
400
3704
1667
401
697
1620
649
762
210
2091
522
649
636
3282
3011
3333
693
469
612
2025
3272
1992
3141
3282
2732
120
1479
1941
2182
3219
3314
3314
3019
431
408
1215
465
1993
771
732
434
576
4671
3008
4671
12
363
534
2451
207
587
460
504
3750
2918
1706
3179
911
536
105
990
1029
348
3988
830
4822
103
576
4411
2485
233
2912
3108
2733
681
342
1639
99
2369
536
532
870
799
3732
469
4830
1333
3333
1136
739
3314
3670
282
1642
4776
2594
403
323
1528
423
2492
536
4162
89
623
1368
4744
892
1029
1153
3106
697
2284
2083
2947
2071
771
19
331
837
2732
3303
2946
108
626
3272
2946
4776
4776
2077
1086
3359
3828
1912
3333
636
3333
4297
3106
859
450
152
406
4833
451
1919
1800
4833
443
2369
4934
4833
154
2218
314
440
4833
2348
1800
261
875
3000
4833
1273
1074
1568
1202
2732
471
4122
219
2425
1186
3953
652
230
366
1487
1709
1709
1061
4833
1709
1118
290
459
2495
244
789
117
1346
1669
999
159
228
706
156
3780
990
2814
3019
2913
1637
799
3349
428
3339
500
2732
318
3969
1254
192
383
744
471
415
1301
2913
732
678
706
4342
4815
415
3272
1835
2074
649
201
1677
3943
280
3315
162
797
1868
2375
310
2079
496
832
3339
278
449
2798
2798
4744
3704
1479
1510
301
892
2061
528
2946
2773
1568
465
3273
2956
3711
1423
534
155
1891
2271
3705
588
4745
1102
1102
1912
789
626
4272
773
628
443
258
189
3282
95
589
1716
2939
353
1518
2671
430
405
478
457
599
724
2492
1407
1457
2033
1407
137
142
415
1258
859
2182
460
1407
1504
70
2732
451
1704
420
294
4122
599
3019
2913
416
48
341
294
1604
674
910
195
1184
3864
1457
361
1502
681
4934
2870
2732
1825
2733
2814
1837
1837
739
3971
4924
200
208
486
74
697
283
1652
1832
589
432
316
2286
599
2099
4833
528
522
2325
460
2080
818
504
155
4273
1945
1752
2732
270
301
351
405
2732
2485
556
1346
295
295
859
3670
3701
1174
1174
1174
1174
1174
3333
3815
676
2301
970
578
3704
270
383
1384
1219
1502
3281
697
439
830
2201
534
3004
2203
1891
3683
2002
2811
690
324
3672
351
83
3837
1407
649
205
3338
152
428
323
431
3526
471
978
316
273
206
3715
2046
2083
1642
4180
366
676
2021
3670
4500
2026
2398
1327
3994
774
3272
652
990
3106
2044
578
4776
499
815
3346
525
122
480
4934
3715
1694
312
429
4
3503
4122
2921
706
233
1102
2083
436
556
911
4156
681
2492
1029
3259
3703
2626
2495
4823
2496
2398
499
1457
859
2913
716
1383
1743
4762
156
431
315
3683
4811
432
528
1890
2200
4833
535
789
519
530
2492
1407
1919
2122
4919
4775
4775
2920
2777
587
1029
732
3272
3837
304
1528
699
3102
799
875
626
431
3272
762
599
202
4272
4777
1606
536
616
616
886
636
1406
872
2904
4754
344
1567
1143
661
990
1891
1705
1743
227
331
2824
1254
17
739
587
1089
1089
3701
2733
2167
500
1637
1807
1807
401
556
142
406
1944
3630
771
558
1239
875
923
732
911
4919
923
923
923
924
923
2937
789
684
59
2333
336
4777
1673
2003
3991
71
324
2776
2855
4950
2429
2429
1990
206
2078
587
1422
635
2814
535
2155
2155
452
452
297
789
636
273
3106
823
1084
4919
312
2271
4833
126
1584
3338
3991
28
2083
3994
1037
1768
1642
3019
396
57
530
528
707
499
109
1384
1384
3837
3272
892
3701
4297
536
348
2940
681
859
845
4816
522
823
576
1184
478
3383
536
995
350
1258
623
3945
892
412
95
762
1993
167
118
262
2773
771
623
124
4777
436
2082
607
569
2560
587
549
739
521
309
387
739
636
2369
2590
649
967
4156
2167
2492
1102
1102
1843
3524
569
367
190
859
2419
684
244
430
1328
2912
1567
4329
1403
599
2286
526
2635
178
996
1811
12
340
2203
1037
351
476
416
163
1604
2233
892
589
611
331
2182
1835
2492
4408
2289
2949
329
2168
3278
105
789
3295
4083
4083
4083
72
569
681
2855
2195
548
279
1212
3272
258
681
384
2870
575
4833
706
2385
799
599
156
2347
837
2194
359
1403
2911
676
195
1225
4833
436
94
1465
2993
1212
563
556
3487
2911
3787
201
2626
891
558
576
3503
1076
342
412
101
3336
576
2446
2446
990
4442
3101
2074
4776
762
739
2505
1694
2492
422
1407
519
4083
3097
3953
4236
681
3969
2490
535
476
2369
286
693
3702
2492
433
4762
652
810
2814
1652
3011
323
238
2425
89
2492
1802
3036
2998
744
18
3701
310
452
3608
789
4778
4778
604
599
892
4777
4833
600
1213
744
315
329
331
4776
626
1412
1412
4272
965
4833
462
589
1333
1435
304
418
4762
3106
1549
334
910
1407
450
4833
932
416
607
892
567
152
345
3363
316
2383
3019
4833
3272
909
909
909
3009
859
321
530
2040
1836
1144
3987
1620
1384
543
3953
1807
837
616
616
616
3837
1130
331
2079
706
4833
789
1627
3590
159
4811
3179
4833
3019
4777
3704
211
530
500
2912
692
1254
681
2369
1465
182
558
676
455
415
1670
986
2913
678
1667
1800
1457
366
346
193
160
3711
2993
1465
2286
1768
1768
1768
1768
2375
1637
360
396
3953
2798
4433
522
2195
3701
528
2817
301
2567
2567
1038
465
1503
3701
1115
707
1891
1080
179
2713
270
4436
837
2912
1802
2142
436
530
101
3272
455
1642
3780
270
1991
124
1080
781
789
230
3234
2202
734
2451
1067
2671
559
253
3954
2071
449
3720
649
2301
430
1611
2870
1991
1991
2570
1386
4741
1458
681
2993
1138
1138
525
83
2284
910
3783
2913
3701
395
329
412
3455
460
2301
2074
995
555
910
762
1424
80
3701
401
536
1403
222
3336
89
1061
992
2217
2723
460
3703
340
2936
2485
310
480
870
433
387
2040
732
1214
1214
2814
3705
2732
525
61
245
315
403
432
316
668
4494
423
1645
196
578
171
443
412
2492
1000
2814
837
3590
242
771
2733
732
623
459
859
363
2301
270
460
1384
1219
789
3001
78
468
649
428
3837
3752
534
1078
1078
1891
152
859
3701
699
3272
1078
129
4663
431
153
87
823
823
823
823
823
2531
1086
206
213
366
2914
628
94
1526
699
478
676
1067
131
652
526
2209
2044
476
3701
2044
784
4784
2920
500
635
218
1327
1114
2911
3980
611
274
837
519
1458
184
706
262
397
892
465
1604
2002
1667
681
1061
3943
2769
2496
499
859
1457
2485
439
1526
209
2566
2566
450
255
387
2492
616
148
315
286
3715
1281
525
4833
3335
676
452
676
1384
2814
1996
3970
4123
892
798
599
2083
1705
2383
397
2920
1806
1806
1638
396
2168
1041
1041
3932
3336
2961
706
2301
4784
771
965
1549
123
123
616
123
460
429
62
200
2492
2771
2490
549
599
202
1955
1061
1067
823
823
823
3127
2814
990
1184
1276
859
294
4833
587
2824
587
3765
681
789
2921
910
3871
2733
1311
424
892
534
969
3673
634
131
318
924
2777
924
1281
3701
4777
2451
2813
3837
4833
169
1202
636
924
3314
1642
324
697
623
3315
789
1185
587
3358
2077
27
1705
239
4741
521
526
649
2369
1546
559
1705
2920
211
1921
334
1888
287
3272
1044
112
430
762
1742
35
3000
1479
536
1213
2201
1009
1800
875
3282
3096
892
676
1526
2158
328
279
1258
230
587
1479
1709
3972
3272
344
3704
1272
199
1526
990
1742
228
1996
3106
2667
2369
1458
548
649
348
361
2167
3272
471
1996
1996
2956
4777
134
370
975
892
837
3346
2911
684
697
706
2912
1086
2026
1080
542
108
1044
2626
589
1457
892
3363
1019
2635
315
415
1407
3282
706
423
440
340
3732
1118
1118
1118
228
274
478
2505
3987
588
1373
323
387
1420
3987
4159
2182
3701
1130
2732
3703
2142
3356
1054
1055
370
35
892
308
732
1115
2441
1457
20
3455
3272
681
576
525
4744
2495
3705
4833
118
206
2492
859
2218
2385
4329
556
1118
837
2081
1479
1479
1479
1479
4758
558
2492
525
929
929
2
2901
4458
1457
3701
253
209
3837
789
616
3653
468
3272
480
412
587
970
556
634
3106
2946
383
3705
396
707
184
1885
1143
345
4776
345
548
3097
432
2949
408
1705
681
3281
3780
1310
88
2814
536
543
522
4778
160
238
1067
89
4784
3701
2492
478
892
2775
208
408
1199
578
1502
1502
1502
1502
896
2044
2870
1502
3813
2495
331
73
789
587
430
4493
1637
732
430
3179
4777
3769
4740
315
555
153
190
4833
4741
166
1067
4671
108
1214
440
1086
589
324
525
1061
3987
4778
2912
4833
2080
3864
740
3282
270
2063
1742
3723
1184
348
154
4833
1193
1193
3019
799
245
2360
440
432
241
89
728
626
459
1009
390
120
434
1213
534
652
4012
460
1835
400
366
1604
2651
1061
3701
366
784
423
1706
1706
1706
265
471
462
159
676
676
4962
788
3272
681
4833
3019
2913
3336
4758
47
254
47
450
428
3272
2811
628
3711
1239
47
1067
1067
1067
1009
649
143
4778
2492
569
415
3750
1373
449
3106
830
830
1080
3179
1868
3590
4833
3701
3701
2855
681
2773
2918
2021
3822
883
883
734
534
837
3503
3653
3002
450
3492
2369
278
449
3653
1343
4833
522
522
3871
4744
1526
313
1254
3096
2956
2202
2956
2567
1886
3179
233
195
558
607
739
3970
139
280
3943
4774
3490
2492
3477
990
3477
562
6
6
6
6
1102
1102
1102
706
858
3735
2142
2494
476
652
312
1544
3816
2947
165
1652
4068
4816
640
2911
2432
1988
1254
344
649
4776
3954
146
1086
576
2167
3816
159
4156
2182
329
4753
548
740
3339
390
390
205
1705
2732
265
401
159
193
462
462
462
2771
323
3019
2913
578
156
2301
706
910
570
2398
416
4778
771
626
875
3106
1526
799
443
623
724
4833
684
2492
1488
3971
200
3866
699
4833
3340
65
2284
2485
525
480
917
2286
1645
2429
4758
1742
499
3871
329
530
4821
1945
992
3701
301
3704
892
535
891
4564
1423
2636
1345
3503
521
4774
3991
1384
1384
244
459
2485
511
251
3001
3823
134
1055
3837
774
1020
2286
359
697
312
676
163
1503
39
314
2446
1751
835
276
706
2027
3608
2733
213
706
2914
1061
443
2045
2837
517
324
676
2626
2911
2044
2824
4408
2947
500
2296
239
424
11
892
1479
1479
1479
706
3698
1323
1199
1114
52
789
403
4833
1896
1800
599
2183
51
3179
1572
480
1144
4833
244
2814
2791
397
499
3273
2492
1118
2732
405
1403
2847
2814
3943
139
859
139
4833
2814
1750
434
96
525
706
434
3282
3871
269
235
1993
462
1716
443
1240
909
2920
789
346
195
1888
676
762
576
4122
762
1041
235
1041
4776
1086
623
3818
476
244
771
99
4830
2671
1130
762
74
697
3701
3278
459
252
1584
1102
1102
875
612
3673
397
3321
2570
3273
599
740
762
2126
823
4833
2434
1184
1184
1502
1834
883
883
1067
1067
360
990
372
1503
3678
535
587
304
3019
2326
2485
2913
239
224
3710
892
4833
4774
616
626
2002
4830
1076
233
2490
1670
578
1543
440
789
167
2881
4833
2626
3315
2566
2566
2566
316
81
4833
556
1510
1029
1333
1342
154
68
443
3272
2913
762
636
370
1802
1802
294
559
1912
1736
1375
3383
875
771
480
3750
202
1609
3336
440
174
1893
1893
1893
2203
4833
762
254
626
2938
2938
3455
2411
2761
715
676
693
3701
2919
3272
1917
420
3503
3259
569
332
910
1988
3935
892
521
2666
455
2588
390
390
90
390
1638
2286
3820
27
789
222
344
4458
912
723
3008
2382
892
3346
4012
975
2429
522
684
1670
2258
535
1606
859
1086
859
239
433
2633
2921
2178
1670
587
2178
3703
1670
2626
3943
452
2569
416
340
2542
3958
478
859
4833
640
640
451
3987
929
1800
1088
323
310
690
562
3608
3701
519
2032
3259
3272
450
1439
1239
892
451
912
3750
439
4433
607
1457
1716
348
2078
401
530
20
1605
150
799
771
837
536
381
88
2385
3336
423
789
160
192
2478
929
929
1670
195
799
3000
400
253
1891
576
1802
4762
1825
2733
264
429
1994
944
762
2773
330
707
789
1184
124
3980
403
295
4934
681
1061
2732
2369
587
587
291
3492
4758
1742
2360
4497
607
668
709
457
1988
1163
576
3333
73
1074
2494
105
604
1864
915
1080
1080
2168
2168
2168
2168
676
3678
408
2426
4068
449
2814
291
1407
599
528
291
45
390
390
636
558
3219
434
264
2091
3771
415
2301
4204
1638
227
1306
342
27
1086
589
1221
1186
903
3214
886
420
102
699
4779
2996
2488
2901
607
3702
3873
423
558
297
403
2301
4273
707
315
2375
1705
2958
1372
2505
555
555
555
555
1510
157
471
429
569
534
2769
1174
1891
3028
1311
1422
2714
415
1832
1342
1061
443
308
225
3272
535
2130
990
45
4068
681
1502
2913
4777
1311
4122
304
892
412
4741
471
681
1803
5
4757
1502
2911
41
3702
2732
1886
3272
436
732
706
3590
3264
990
339
339
588
334
1080
191
1080
2569
2569
912
2184
911
4815
118
623
762
328
401
522
990
201
1837
4946
450
3097
1254
3336
2167
80
3359
2915
2122
2202
578
117
242
360
771
837
277
4833
858
363
116
2369
318
837
3704
209
990
2492
1372
1372
1067
1067
3047
3047
3047
732
1407
434
3909
35
4833
1643
4361
649
100
4329
126
762
1743
1988
2432
517
883
1465
3954
3954
1188
344
254
2090
403
2071
732
1506
1716
3455
875
401
3701
625
625
328
1802
2271
3669
2566
2732
1458
875
652
195
2193
1383
2633
2946
599
1407
2913
205
500
1385
341
1571
2074
2425
910
1114
1055
1788
1775
1457
636
363
432
1457
3321
189
4775
2956
2769
2733
496
3991
336
4272
2814
990
799
2908
990
978
434
739
1644
478
3110
3019
140
892
599
1118
1705
294
1594
3001
499
1075
912
3701
678
1716
628
1599
2958
1790
1790
1998
39
859
4833
2732
3272
1138
519
4833
1836
536
3278
1311
3815
2993
4777
2732
3837
1584
837
309
3272
2870
3958
431
3259
1854
4784
1384
103
1800
705
2714
2532
1743
428
892
1115
397
909
909
476
2286
678
304
321
3701
434
406
1311
432
2947
424
1343
415
578
2485
2814
143
3701
535
3825
2201
110
3338
210
535
3972
2719
1805
555
555
282
1825
336
336
2130
705
3943
771
4430
543
3000
832
2426
717
4777
514
420
450
397
762
3831
415
4122
636
432
528
534
253
4451
3987
415
2040
762
3991
558
321
459
3272
1837
2778
3106
397
2920
3837
3359
3969
397
4833
929
535
2723
1407
3837
424
1407
218
1385
3991
2492
96
1205
2026
251
886
465
681
652
3272
543
543
543
270
246
562
1115
246
3780
526
549
740
693
2288
2288
459
3334
883
883
3383
37
676
311
628
4741
612
330
611
556
2485
585
1029
892
3704
34
3234
273
3815
109
771
1637
1086
3272
1912
1917
2937
789
2937
771
2430
440
2430
2430
2430
1368
932
2091
1504
2998
2998
911
3127
3954
1665
1665
3943
2814
3987
1503
649
3824
911
3106
649
1067
2921
2946
548
678
2541
744
636
1326
323
1326
1326
1326
1944
94
383
2090
2090
2418
3336
1637
3289
831
361
2913
2496
179
3783
626
499
681
3968
2325
2947
1403
859
1029
1526
499
678
2776
2911
676
154
1706
361
534
606
331
3969
3701
3358
4833
3703
1407
678
965
1130
2771
3019
771
789
1466
578
284
540
424
241
911
465
1810
4776
153
3711
3987
3455
4520
1946
306
3987
471
771
3701
1373
304
525
4778
4778
499
1152
354
892
297
3179
354
354
354
3272
859
2912
1817
585
2572
1044
3336
1102
1174
3272
4970
41
340
1415
859
626
522
3346
3981
923
652
2993
636
350
139
762
486
2774
771
519
131
2778
436
222
450
3503
261
2492
789
892
154
1716
923
228
455
548
649
1853
455
1766
137
2385
278
4833
348
304
1184
996
2425
3272
681
4833
3282
1342
525
3315
3315
576
106
674
3019
192
1212
167
4409
859
649
313
2369
3818
3259
3987
3752
2714
3333
892
478
892
94
576
1254
723
4924
313
1385
1385
2369
436
1078
2031
2033
1174
1604
912
543
3333
3272
2281
649
3097
681
57
3699
3282
405
4083
543
569
283
434
188
3678
3678
1705
2490
536
468
3004
350
1891
28
837
110
2732
1115
797
1039
697
3140
2855
2855
693
18
1510
771
440
3701
326
173
4409
1950
449
4745
732
1333
1254
2167
4162
4329
3953
143
636
555
536
434
4775
238
2301
1742
310
789
1086
697
589
2814
588
2473
2485
3868
2074
576
1825
676
1075
455
3141
384
270
522
528
2002
558
1950
1526
187
1086
2002
1832
315
676
1665
3871
2085
436
4758
1510
1610
2040
4497
1571
276
526
3282
2912
61
3701
451
2130
3860
420
623
360
4068
191
1891
500
1605
3871
401
451
5
4757
206
3954
626
636
1675
1240
258
872
3272
837
903
706
1599
3264
3590
76
261
1571
3703
3346
1510
3282
2097
652
911
2492
2083
2774
634
1457
2360
1742
896
917
1810
459
2369
465
3797
522
1055
244
755
1835
3336
126
910
705
1343
2915
4833
548
101
351
2193
929
929
929
3272
158
436
4273
443
1795
295
2167
264
273
599
4919
2912
1504
3715
522
521
59
789
535
480
3490
2732
439
528
3503
1998
1737
1384
81
1643
276
1506
1038
990
681
420
528
3273
201
1572
706
59
2432
1988
359
480
1254
176
1760
1138
3272
3987
135
532
599
318
1852
1946
4777
625
626
78
2083
178
70
837
2732
1584
543
195
1039
83
2711
3987
216
3272
789
599
100
1311
255
420
606
213
2993
2301
3701
1435
2218
329
1165
910
443
706
3019
604
636
187
178
330
3272
76
1
3987
684
3272
1080
1138
2733
283
799
140
4411
3278
1742
3991
2814
2233
1080
628
99
1457
3314
3815
3720
3750
2999
2284
2077
4012
788
1344
2485
732
2913
528
2814
1594
2081
3704
184
1213
1213
2201
1800
1800
1800
471
2950
1213
432
1599
535
254
304
311
859
460
4833
896
4816
1407
4805
4822
1503
2002
499
1801
623
892
539
1775
3837
562
706
224
678
3816
324
823
823
823
823
823
823
823
2993
2079
1800
3
705
762
1743
462
3272
1000
576
1000
909
909
909
207
699
235
2811
1512
2954
2251
500
1301
2074
2074
424
500
3873
1403
789
525
496
3033
408
346
3272
346
420
1080
1941
3953
1955
1675
1114
4833
1144
3701
4500
110
449
3272
4811
1825
1637
406
1742
436
911
1857
535
1406
1643
34
1993
2814
1787
2921
2091
2911
1101
450
1806
540
1114
2383
892
375
199
576
3830
3383
1526
316
480
3071
39
401
549
12
607
599
535
2733
3701
912
372
3703
1145
3334
3032
405
3282
707
4794
965
1369
397
2920
2485
3272
279
678
2091
427
626
1825
531
2485
2774
2733
2194
431
2939
4123
706
344
797
1326
157
353
3943
612
233
312
1212
1212
739
1705
295
1193
1193
1343
523
2776
152
2590
1088
433
4833
2733
2083
2083
452
452
549
1642
408
41
350
2485
3002
917
3002
697
108
2478
3669
1144
1144
1803
1803
1436
1146
265
471
326
3362
118
216
434
789
110
2430
3701
108
536
329
2904
443
693
2078
1254
1835
1850
134
2921
2626
2195
189
2855
112
2040
2385
496
397
3106
3503
649
2921
2294
929
744
384
384
1436
875
2091
657
990
2253
558
3289
61
3987
375
2201
241
424
2074
534
652
4159
451
3102
739
370
681
4156
1479
623
2911
3214
4067
434
771
259
3715
433
235
2725
569
2003
1512
363
871
504
1061
4833
4833
434
564
4204
4204
2671
534
536
49
354
892
2824
536
423
739
989
3179
418
354
1637
459
2360
3179
1737
1044
627
4159
2774
1620
339
739
599
3701
2369
340
460
104
431
3711
326
370
1385
2814
4787
323
3227
283
3028
771
706
1716
1150
173
1406
4122
1864
1416
367
73
2195
2195
2195
3179
3272
733
892
3701
3503
2492
2452
578
1415
219
2130
3272
784
1254
589
17
3340
439
4946
3701
9
1737
311
428
280
482
334
1383
1383
1383
1383
1383
1383
1383
1383
1383
1383
3981
623
4816
1301
1301
1290
4833
2847
254
3715
3818
3818
280
452
452
363
652
3272
969
415
1860
1955
678
451
762
4745
636
3711
521
789
298
543
468
48
3209
4833
436
228
2383
434
153
3678
1014
265
4162
4833
534
892
883
477
477
3698
536
396
693
1115
697
2732
2813
781
1912
762
420
3096
4273
2814
1038
351
859
48
432
990
4272
519
4070
159
408
366
652
346
4833
2490
430
652
2167
3272
528
155
4408
3723
3333
1891
626
3991
684
859
1086
612
681
501
649
215
2084
496
135
3047
623
3272
3701
706
3752
556
3969
1526
429
336
304
3820
789
639
789
332
732
1510
1510
359
4777
4777
519
875
3715
587
3282
3383
2378
321
2837
2733
1212
3028
1748
789
504
326
330
159
2814
3701
211
3701
500
334
199
543
2837
652
616
771
471
634
517
415
1403
3970
436
697
3102
789
1457
443
1542
2771
534
4833
706
3590
623
2814
2846
859
2714
1029
707
3272
911
1637
4758
3234
443
634
4833
530
3333
762
740
112
156
278
626
469
4833
245
3701
628
3750
3336
2099
3004
1835
4833
4671
2425
116
443
1854
2074
1765
3502
3970
578
614
636
499
3720
1102
1102
3346
353
424
521
599
1605
2920
2495
1212
1212
526
706
4833
476
2046
587
870
431
892
455
1788
1789
359
3873
91
2921
561
146
3705
282
1086
528
1239
58
429
2182
1716
3334
119
3590
2912
1749
321
789
70
2732
195
405
2993
1146
1407
1766
269
3943
604
496
191
116
1311
420
361
1608
1101
2301
910
2492
1526
2446
2446
988
556
628
4604
681
1976
499
587
3943
1843
397
2667
585
430
684
3815
732
1637
429
2492
2369
837
706
3109
3701
1061
127
699
2369
1832
3863
732
3987
2711
892
4833
2284
499
195
2693
2913
4777
1594
1864
678
2201
1800
1800
1213
2201
2201
2200
875
1227
992
244
1465
990
789
859
2426
875
2911
11
585
3705
2325
1073
2560
1212
2207
3006
499
2911
2418
534
3701
4775
3364
517
812
406
2330
396
649
315
678
693
1803
47
2079
3109
2707
1891
3701
762
113
109
4833
412
1950
3211
3211
4355
1412
151
837
4816
326
789
235
4787
500
424
525
892
408
471
346
2666
2081
4821
762
3329
383
2911
892
2769
110
2663
543
4811
433
3214
311
257
709
911
771
676
1114
2429
3785
2490
3943
3987
628
870
1407
4778
450
1891
1556
1556
2426
1102
732
4744
2814
2460
405
587
88
929
3032
254
1457
247
1150
892
589
482
1067
2084
3289
739
2091
471
4833
242
2671
906
906
3837
1800
3980
684
1086
478
3703
2369
1502
1802
2492
451
4024
4738
799
707
569
90
353
3272
255
4122
762
1605
1424
623
536
1891
382
465
2958
944
3701
3837
4083
1403
4236
1327
4741
623
140
4162
4162
428
3669
2572
2566
2566
2572
2566
239
2588
1891
207
4833
2814
3953
931
460
3234
287
789
3968
4067
676
799
678
4741
1944
431
2485
3272
697
2870
1866
3672
3824
3259
4753
3455
4361
3991
3330
178
4833
970
970
555
555
284
892
1766
4784
3815
251
312
8
3219
273
1498
1891
351
3289
944
255
634
3831
2920
4833
3699
1643
116
301
612
3701
295
599
1891
585
253
462
4329
2050
344
607
2426
1457
2732
2426
2293
311
879
496
762
148
3590
771
910
3336
1584
706
1407
2912
455
1258
1407
403
1743
2901
1504
697
1706
2207
3333
2078
1946
589
434
418
244
676
911
471
558
1806
1801
1835
1835
2568
158
158
158
184
387
200
1743
2769
3672
548
535
599
2958
521
291
1144
835
2369
652
3701
701
60
469
1077
732
264
4250
4083
2091
109
1479
174
799
4204
3503
450
434
3333
2130
569
3752
2938
859
3588
990
1888
674
332
4236
124
4833
2074
2911
443
290
799
1987
911
2284
3987
576
188
361
1504
535
405
652
406
555
616
193
3750
764
1254
2732
525
626
830
4297
4833
3272
990
295
295
2920
990
3771
2426
2426
3209
655
188
1807
3330
191
412
2765
859
4776
2813
103
4458
2194
4068
3524
449
346
2045
2805
762
652
146
528
406
4970
676
3272
1709
283
359
4833
2870
4830
397
2382
684
859
383
1126
578
706
636
1891
1310
224
3673
1990
559
3954
835
681
3272
336
1384
241
4811
3490
2493
323
3366
4744
405
4114
10
235
548
1193
1058
1403
910
706
420
634
1751
208
28
514
2351
3272
3002
242
938
938
416
2572
3272
1130
2865
674
652
1067
2733
634
2723
2031
758
692
1789
2956
628
525
3336
4024
859
1805
2865
705
2915
1801
101
652
534
276
3590
1514
1675
2369
599
83
276
3315
556
499
3704
1334
3954
1254
1037
3970
4833
2920
1281
1487
471
286
1403
176
11
501
2814
681
1643
652
982
1743
938
2432
1805
2865
2671
3272
1503
2921
146
873
528
91
892
2769
2045
1075
1075
401
4787
1088
740
668
875
1258
744
3976
443
4787
892
2732
833
329
310
1184
3816
716
1146
1502
434
500
1326
723
626
2301
910
4195
607
415
3333
4776
440
460
1205
693
2636
569
3698
628
1146
3272
4833
1067
78
835
892
626
543
771
2063
401
326
2369
2773
1832
2946
3490
2732
3991
460
87
1078
2194
2194
2194
3784
2286
1101
301
227
1594
96
1080
3987
762
2426
626
2429
530
706
2452
440
439
2733
1403
276
1281
2369
2369
3672
23
23
119
23
23
23
3292
151
788
789
432
228
875
3339
599
1343
1131
3363
253
1919
334
48
436
3701
693
1750
1945
589
4775
2074
1314
2369
133
1184
1184
2936
1765
530
90
1474
678
4777
332
3816
678
1503
455
88
88
137
4437
160
3701
4775
1281
459
812
158
1743
1029
4329
1917
1323
2289
2775
3672
3723
476
1311
2026
324
295
4281
196
208
2193
626
478
4494
1281
2732
587
892
1403
244
4501
123
716
678
90
439
287
607
1811
1254
387
4833
331
496
496
705
1199
2912
1457
911
799
2814
140
681
2814
158
207
4564
1240
739
623
628
2385
209
1466
480
789
2091
2351
2914
3672
4744
200
242
2286
587
3750
2472
4833
19
535
762
4331
142
403
2733
499
859
3272
209
3701
3670
556
579
634
4500
1238
1086
3837
967
354
4085
323
2492
2441
2663
3272
2916
3703
3701
251
331
3701
1347
734
431
521
1457
623
830
830
678
1748
420
1514
403
480
2099
697
408
626
2492
4758
2593
558
4833
1089
25
2084
166
2077
2077
2077
2077
3314
2946
585
2485
1637
2492
34
2083
2083
2083
2083
318
116
1811
428
2050
789
519
784
41
403
2732
148
1422
923
3106
239
3701
3299
1665
173
990
2429
589
2286
3106
397
230
3705
892
83
79
740
1186
652
859
2750
2711
2472
628
831
606
351
4811
150
119
2505
2505
1921
2901
548
367
3704
1086
2588
241
911
2288
3098
191
823
4738
697
639
433
1061
432
823
549
4122
154
1912
326
4204
230
465
3837
1518
156
4833
556
4805
405
1383
1584
273
3715
1609
201
3703
521
370
2184
1749
3987
242
883
587
3945
480
1138
3686
990
2091
789
739
3226
2194
1345
321
2505
3672
1652
697
1333
1638
245
2488
556
578
3272
990
367
184
2595
1078
471
157
169
2505
2505
2085
4790
4790
521
3455
2714
3953
189
1344
2814
277
2492
526
2947
2993
3703
2733
732
3822
3994
3837
3071
2383
3871
676
201
578
1664
2289
2560
1019
549
423
1866
2814
350
3683
4784
1798
3333
430
2411
519
1
210
859
3097
283
219
4018
693
436
600
1174
2733
308
2723
360
209
2633
2633
2633
2946
607
2993
451
131
2184
3969
1214
4740
324
455
1502
1215
4833
2062
173
542
892
3693
283
476
348
2914
2847
3837
762
3831
439
2014
668
361
2098
2947
534
762
902
1333
450
797
439
3035
3871
511
1670
519
112
1044
269
198
1457
344
3953
383
1088
678
3209
2217
681
706
3033
439
2083
2083
2083
870
104
4018
2082
2082
480
2732
254
156
113
4272
3346
3455
346
318
208
534
2209
412
2002
3780
762
341
2567
859
174
3109
3272
837
346
4784
657
3859
3097
406
4162
4970
3954
1853
265
174
3704
3240
3765
859
478
4741
1067
1416
798
79
459
3752
3783
1075
383
336
469
739
1114
2207
1380
4833
287
678
1664
1664
3815
2205
1664
315
1301
530
2145
415
2286
2274
3820
104
199
3991
323
60
87
440
1212
49
910
2946
4833
420
1670
1766
1766
1766
2419
4778
4
2217
1584
892
500
3701
2074
2217
3364
678
3705
2054
519
1328
3019
636
910
3971
2814
612
535
521
837
2814
2911
1
430
382
636
431
3102
706
2814
3673
3673
911
3673
4497
2733
1383
2490
1556
2921
142
1990
359
676
76
831
2200
1407
310
25
1407
3943
4195
705
528
312
433
351
525
534
1891
167
124
931
2733
3865
173
2732
298
2920
2494
324
471
668
526
83
1988
741
1502
938
1993
328
99
3698
348
1403
3816
3477
559
2921
732
543
280
301
1086
91
3701
304
2532
2824
280
924
265
408
2732
543
401
18
2369
1146
3987
2383
2083
2083
3315
1577
500
3972
361
611
2301
3259
605
1599
910
2911
607
2913
3750
423
460
4833
406
522
3333
1604
4776
4494
3219
706
585
2485
649
1407
375
3837
3503
3784
2733
339
2062
245
717
443
148
1067
2142
2284
2409
266
627
2369
706
697
1766
367
276
992
837
1272
3314
639
280
686
686
403
762
227
875
129
3715
1029
614
575
4409
2430
3047
678
1805
2914
522
163
2002
2288
499
676
430
180
262
903
678
1333
1333
1333
870
3364
3272
522
304
351
678
2201
1080
4811
734
534
184
1115
180
131
892
3272
522
310
1704
2757
449
2913
3346
892
528
3752
530
500
612
2912
106
4934
4934
678
739
3701
4213
4811
2912
1067
3333
367
2185
599
535
3383
3705
1627
297
2333
614
1864
1752
207
3380
80
1987
839
2422
1130
375
353
450
397
3710
892
3780
326
668
925
429
1817
264
623
2814
2183
2130
2168
2168
740
2492
408
324
3608
1750
287
771
387
837
1825
1705
3784
693
3272
2080
649
4833
3871
634
1768
929
929
1768
2814
1768
606
771
3333
153
359
400
1805
1817
344
32
3673
1667
1163
1163
3701
623
623
1502
1424
1041
3272
178
4114
3334
912
431
1407
2155
273
1584
1800
1912
2936
443
990
4970
253
2286
1543
3282
2855
2855
2855
2920
4833
1435
2461
205
4823
284
1458
875
2485
2369
4361
3338
3234
3972
1209
3704
626
2081
3701
406
4758
915
693
771
2218
2200
1214
3830
1510
536
397
1802
1802
1802
789
195
892
3991
2441
1556
3780
431
390
79
676
3102
2936
859
351
1061
22
328
678
351
830
837
61
623
1637
2201
480
1568
286
4744
255
350
4213
387
536
361
789
1254
396
593
127
1407
1912
326
452
452
3720
535
336
2983
4821
521
2430
1742
1742
3590
405
332
338
284
370
2505
1891
370
3028
1836
2288
2002
678
636
2083
4775
771
104
2773
771
604
589
2651
4297
412
4777
61
403
460
789
612
3705
2083
525
3272
588
2203
789
1743
351
434
1144
321
208
652
23
155
1796
3837
732
2118
549
201
423
4083
3383
41
607
209
2814
773
883
436
1917
840
1642
519
372
1182
469
3648
870
990
137
2183
3000
2201
1000
3503
4833
2046
2732
1415
219
3272
1545
784
707
771
457
3816
1310
649
823
823
892
1694
575
3212
3701
678
215
451
612
290
652
2003
2671
1119
2375
4083
397
105
2813
3987
2911
599
990
2248
1526
1086
408
455
3275
589
892
1182
350
1061
1677
589
762
4083
3815
3006
238
238
1019
4833
2651
242
400
269
1202
2293
859
3209
452
499
521
148
740
910
158
137
956
3780
634
837
244
113
2193
715
1038
208
192
4775
2492
1185
3032
227
405
1368
1912
823
823
3178
3945
3272
499
449
2492
346
2091
3097
2424
528
789
155
4970
4970
326
4970
519
286
762
3705
1184
1184
626
1032
3701
4816
681
1526
500
797
4776
424
1422
336
359
3383
1380
301
558
858
334
424
315
1664
1664
1664
1664
1664
1664
1664
1664
1664
1664
1664
1664
1664
1664
1664
1664
1664
1664
1664
1664
406
1627
1584
649
658
636
4745
3943
3737
143
2911
2946
4833
1212
1800
476
810
810
2626
3333
2993
4762
367
4776
1766
3711
1334
1607
396
4811
2913
264
923
771
871
471
915
2814
313
3701
354
1559
2911
2814
76
3340
684
3179
423
732
366
676
2532
674
2814
127
81
2490
3106
309
2411
294
530
146
607
1290
1290
4833
3234
310
636
528
1435
184
705
157
589
2258
451
1571
2505
2505
150
2626
432
433
416
1742
429
366
3672
1753
1888
530
3106
558
4712
210
681
2814
1424
382
315
4083
1457
4757
1504
3987
732
3825
576
3179
1766
3932
1086
1891
273
4517
504
119
420
1742
2532
626
258
4784
351
19
693
3106
450
1429
4794
3106
1146
832
336
1118
3711
313
501
2383
309
309
500
875
4794
192
408
534
771
4342
205
3338
2912
346
859
2099
369
120
2870
348
62
301
350
4777
706
2505
4180
3815
3815
3815
3815
2814
3943
693
837
3837
2081
1465
3260
549
339
3737
4744
2284
2284
2284
2284
2284
2286
363
283
2911
585
1955
2913
4776
2940
2431
52
395
558
3701
334
3363
2733
2382
478
859
3701
364
364
364
364
364
235
1118
3672
4758
1144
3214
686
269
3339
4273
1604
678
2914
3028
990
606
837
965
3272
636
799
3823
182
1310
455
4493
990
2495
2814
462
3822
628
1403
255
160
205
408
1119
27
2472
2651
1368
4833
1638
199
1886
457
4778
676
3234
3702
3272
2492
1080
2441
2385
837
4437
589
789
351
2531
3590
368
4272
877
370
2912
4777
387
535
3333
3334
4409
684
2492
401
169
799
137
3987
2431
455
3333
2798
324
190
739
330
2073
316
279
460
253
2814
649
499
3033
3502
4281
2281
187
2569
1258
1670
2568
649
871
1213
709
1767
1767
649
3673
1184
324
3333
1811
771
330
201
96
707
329
1075
4833
623
2588
771
3945
213
2284
706
3362
558
3955
1038
3102
1137
2733
1528
1240
123
2158
273
840
1488
2046
2855
372
17
284
1627
436
1333
784
331
797
892
462
169
450
328
732
3272
706
837
1790
3701
1800
1343
2492
2899
740
3670
70
156
3816
2193
1202
1202
2485
607
687
1199
1706
4744
375
2725
1086
1080
773
530
290
2725
3503
555
480
2814
925
2626
60
390
2633
875
4784
1386
301
79
799
3272
910
2814
707
2131
892
3336
2911
4408
91
2382
576
4776
536
534
1254
789
3953
233
1407
3455
2912
2384
676
4833
3837
235
2492
589
3590
252
405
3670
2776
911
990
2330
1420
1185
521
1546
697
1138
1836
3028
2205
4156
589
771
2937
353
61
789
4833
525
3019
3943
57
412
1606
2496
859
478
184
4329
230
476
2870
434
526
4833
1638
2914
208
450
433
2383
4712
51
701
4822
224
450
209
1644
2080
732
870
227
3945
859
396
2425
459
534
3834
1080
1503
367
367
2811
155
519
923
990
3179
3179
4204
1136
2182
2667
450
2485
2765
375
1254
131
3752
440
693
387
1669
678
4188
1310
995
548
1795
3701
4431
451
2217
859
2814
676
215
818
278
3019
1436
471
465
652
2003
1226
2003
2003
3723
3705
2911
4833
1086
244
1891
460
144
361
3673
1805
1272
3769
589
397
990
273
1768
4924
2291
4775
2158
2814
91
549
238
859
771
2769
1743
1407
925
457
4776
588
1205
2418
361
2805
558
859
1126
676
4451
158
173
1333
697
405
612
1834
1705
859
270
245
4833
3987
340
416
1343
1457
2814
496
799
405
96
1433
28
988
1705
408
519
1670
4775
1115
2423
3971
528
669
348
4758
1380
1801
570
1422
428
697
1114
4273
2733
3122
990
2732
4297
1801
751
218
457
1276
599
321
309
2325
476
1310
706
1826
2947
2993
403
1186
4833
200
4083
2814
3334
548
652
3272
85
406
4833
123
403
542
18
1384
326
1474
522
693
3815
2021
3028
2635
328
139
139
2626
1184
990
2756
68
612
2492
543
324
2913
310
1742
2217
522
2921
2410
607
558
387
970
606
789
699
2949
990
258
321
227
2492
76
649
684
678
732
762
612
3765
100
1716
2369
2426
1067
2947
2870
1673
2302
2560
2205
1716
416
1502
3272
1835
2570
733
2
1627
4741
732
528
457
3871
1184
1184
202
101
499
434
2074
548
840
2026
375
1184
1767
739
433
4159
799
4409
923
732
4436
965
3701
264
578
4156
837
676
403
1114
1310
732
1607
1888
530
162
1186
396
3750
459
652
3943
536
771
387
569
359
2083
228
3954
3259
3272
3701
548
1604
3106
1806
2485
34
230
2492
224
1891
3362
2079
1894
459
2824
109
460
480
3106
1637
3106
522
363
4775
196
2383
3346
1502
1891
500
870
1088
4833
558
3701
192
556
3272
4833
1114
384
2708
3336
4069
4776
415
3701
798
2091
143
3035
3346
1606
2912
233
3032
707
432
57
315
3871
276
706
2217
4068
2814
956
681
892
3818
3818
3272
3503
3217
3278
697
2182
163
262
716
1852
1254
1498
2202
693
706
626
265
2541
103
328
366
3749
324
530
1577
2382
1837
1998
859
1542
859
3871
3282
1716
965
732
60
244
3315
228
1102
578
189
732
1919
3110
1664
1204
298
4777
892
3672
242
1742
2425
174
3815
625
367
837
415
3715
1526
1766
455
2098
254
600
3272
2904
1310
4815
3943
4273
49
732
990
561
3
3264
3264
3227
160
499
290
2921
1584
3752
408
4776
543
3490
678
4122
3282
543
205
440
699
395
676
1479
771
1479
1479
1479
1479
1479
1479
1479
1479
1479
1479
196
196
2936
2492
2385
2301
324
859
1919
51
2074
3943
3683
1466
2492
100
892
3822
1061
690
535
599
360
1384
1742
258
1310
4012
3179
3179
3720
697
815
3825
3346
2492
338
3825
693
519
241
2490
536
522
471
65
3701
279
649
693
612
2193
405
1716
2131
1670
986
2911
2473
599
2444
387
1238
1086
1864
2083
3703
771
2369
2446
1510
558
2217
652
606
294
2026
58
315
4156
3630
2921
3969
558
2911
432
931
931
213
1546
311
1748
556
739
4741
2504
1403
2956
102
3672
3871
2593
990
420
4833
706
1333
1136
1136
1136
1136
3828
1891
3234
531
1743
2182
2182
989
2847
165
837
133
218
990
152
375
535
652
3340
1054
60
2063
1186
4833
1029
1199
1061
1605
875
3259
764
363
764
859
3333
455
1333
1504
4162
3000
1510
4823
3278
3503
2091
3217
3108
48
3272
459
3102
3824
4833
496
1254
2908
636
74
328
3943
4833
2505
1254
2478
1254
2460
429
859
2912
4833
628
244
42
1020
1306
3837
3871
2294
1584
1435
837
3670
4758
501
789
2916
3943
200
526
2398
1637
990
255
297
706
3837
2504
415
525
740
2074
2996
169
599
526
902
676
3701
739
348
3701
224
450
697
4500
732
241
3272
859
3705
1077
242
2814
4833
1543
423
1761
2915
1412
519
556
975
1385
1412
604
360
578
1383
1479
912
359
892
1054
3873
3189
401
4833
415
556
1891
207
1310
771
3281
1945
4361
2027
2774
4934
859
1806
135
3272
1383
1383
1885
215
3019
253
403
2347
903
348
652
2003
323
4830
3704
1665
1665
1665
1665
361
1019
2911
1526
348
3701
96
2916
1748
1342
1748
1239
771
3363
253
3019
1572
534
449
1843
451
72
1424
4924
3101
2426
1749
499
859
315
235
3860
1742
2947
3873
1238
126
681
1543
408
674
924
589
4564
535
3333
681
3096
2436
990
1254
526
910
3272
859
360
22
219
405
2814
191
191
3234
245
242
3455
179
340
2074
1343
1343
1459
4122
3972
3701
3272
339
1457
762
32
1425
81
4122
450
535
4738
3179
274
649
439
528
1372
1380
649
480
3670
3780
1080
95
499
3670
4409
3701
540
2045
2434
4501
2434
228
706
1599
2733
938
1074
2708
649
762
3490
676
1276
770
526
627
589
4272
3673
3673
2086
762
1080
298
1798
1798
543
626
4833
5
3490
4753
2993
676
2040
1346
870
2901
1422
134
3943
1311
705
1073
1753
465
762
530
535
528
286
4204
1644
1029
535
1311
157
4159
2769
134
286
3943
859
2074
449
4042
3987
587
589
1174
3969
569
1990
2564
732
3703
903
870
439
2200
690
2912
2918
2949
1800
1343
536
118
1885
558
1885
3943
3990
137
917
578
2201
154
943
943
943
943
1384
519
420
990
310
462
3234
3994
697
1670
859
1670
286
2185
3837
346
511
451
2561
839
771
330
1988
451
2398
519
366
4411
359
2595
706
2494
210
3179
4361
396
1665
4833
1407
152
2505
499
521
681
1606
636
2201
4741
3272
707
4833
4297
1545
290
837
697
3524
519
3001
1891
3701
2027
548
2218
367
697
531
450
242
162
2050
3746
190
152
2077
3866
436
412
247
279
585
585
676
3994
717
915
607
3954
120
587
762
1502
1333
2330
1502
903
2566
405
2083
2083
1457
2083
892
3943
2045
2920
4564
224
1087
657
657
348
1202
3673
4830
3815
1273
1944
636
218
3212
3212
3212
2063
3212
3272
693
1019
262
95
2074
4833
2091
2733
286
233
1029
3824
873
548
859
72
3340
415
1885
1885
1885
628
1885
1885
120
1743
875
2814
4493
403
771
462
191
420
451
4776
990
224
990
764
859
4005
449
269
757
757
72
1801
1801
423
859
1227
1310
623
1138
3701
359
450
2926
3360
612
67
359
3971
340
396
1146
917
2360
2301
799
279
2419
693
1424
789
2814
3672
120
423
2091
2201
1504
556
789
1058
3000
2040
366
2377
423
290
559
3282
559
3701
1080
2082
2733
1254
332
2948
739
332
707
532
206
449
84
3336
1749
4070
1385
1188
360
837
1138
1212
3630
1526
3278
3334
3282
1479
2937
3019
540
990
2993
367
4833
383
440
652
2003
669
578
3264
469
2939
604
4833
3701
403
2911
616
254
2911
1087
315
346
3953
737
578
1328
4815
2074
459
265
530
94
101
1029
4361
4924
4924
1086
1705
2567
859
1209
771
176
605
892
517
1457
32
859
3873
251
626
758
2495
526
2488
910
3272
165
3987
789
2492
534
202
2505
439
338
382
3019
762
48
255
1667
870
176
1343
1407
88
911
480
3503
2958
32
1801
346
3071
3909
3223
652
528
4018
924
3980
697
1001
519
457
1253
3780
707
360
383
4000
728
112
2434
360
530
2370
4762
799
316
990
496
758
264
459
517
433
2492
626
2084
321
407
990
3670
187
2071
1664
1664
1652
4833
359
3701
1801
1213
599
903
616
616
616
1891
291
415
28
311
4778
576
457
287
3292
1221
2398
2626
1557
4412
612
2814
3820
3673
2663
771
2590
457
626
336
465
784
2671
1334
2671
956
2325
674
607
1101
462
2911
3158
1888
397
1130
179
504
799
799
39
3832
3832
3832
3272
321
1424
2711
3815
657
649
1184
3701
397
2775
929
241
428
2302
2284
626
3179
1466
457
366
705
1188
1407
2203
235
2496
1577
990
1239
366
3272
4970
1502
1342
2732
1514
789
4758
3272
521
440
1029
1387
1387
4833
4671
1459
3958
2999
1466
530
1188
1802
1802
3828
408
2286
415
1407
428
771
2937
740
2288
2288
681
578
652
556
732
837
4833
2167
4833
1891
3701
693
636
871
174
351
3784
1118
681
239
450
1571
3991
604
477
477
1407
1577
431
73
875
4833
3272
4833
4778
457
310
569
4776
228
430
556
706
3272
424
416
649
395
416
3140
301
3333
1184
1038
762
1544
2757
134
1406
789
636
587
2732
681
3338
839
1202
1599
2947
4012
504
990
892
2667
2732
1387
2490
432
1067
1067
1835
1670
1067
2947
587
623
283
416
4939
3272
89
205
3711
2074
530
1805
521
681
4821
465
1420
3383
859
1253
2492
699
623
2054
2939
4272
439
569
3110
439
1526
1864
154
3703
108
151
929
837
328
121
59
360
348
3837
2946
4084
636
3703
1088
1604
636
2258
1864
2993
4213
4042
859
1768
3106
810
2921
2492
84
408
3704
697
1067
1086
831
3000
697
457
3723
4195
251
206
3943
612
762
589
2425
2425
2425
311
3590
449
697
135
834
1061
137
282
3217
3822
4188
535
578
910
543
1652
661
1803
1803
1803
3746
2
558
258
4012
254
476
339
3590
298
227
1503
789
4970
42
578
2732
706
3780
2771
1584
1673
739
707
395
870
636
3189
649
3455
1599
408
176
213
1945
408
1067
412
384
2778
1301
576
3780
3816
3701
706
1238
2301
534
2671
771
764
526
359
284
4236
2217
519
480
578
443
678
587
678
2130
331
496
2251
543
457
213
576
3339
2418
1209
3334
4741
4493
576
3701
649
62
739
424
372
526
4833
521
1328
1328
1328
1328
831
211
690
649
1891
1803
1510
1118
415
228
12
151
2492
328
1637
469
450
626
611
2369
306
1665
1665
1665
859
162
3744
457
2050
440
1239
2460
451
626
2773
57
38
2485
3994
3825
587
1705
459
578
837
120
195
4520
3339
3837
2946
3823
2505
4777
3314
4162
2588
2949
525
2911
3701
443
1860
2385
543
2083
2083
623
2083
871
3670
190
1803
2027
661
1802
350
614
2750
218
636
1225
1225
4823
443
837
418
329
4794
558
2936
4833
91
771
1644
1810
2091
3006
875
3686
3813
3670
1557
676
2798
2032
589
344
318
324
1227
1227
167
910
332
626
990
363
476
837
3526
451
892
3102
1705
1254
25
25
462
990
4742
301
273
1795
716
328
990
652
146
576
312
886
521
3943
1767
2460
3672
3071
710
2712
522
1607
536
576
148
38
4775
4775
3199
4790
329
2360
1992
3825
1743
2912
3333
146
701
370
420
751
4776
450
151
163
2926
626
732
676
340
396
2383
3141
4758
1866
1705
706
3282
3282
3272
1055
3818
875
2091
499
965
3816
912
1039
2425
4361
2071
4833
1886
2143
396
2958
559
1503
2814
522
230
332
41
676
3272
206
578
253
375
1254
2073
1344
499
3278
3272
1328
678
2634
1383
1029
3278
3692
548
1054
669
669
669
669
669
559
706
1212
124
2911
20
1665
315
578
361
165
684
511
2158
4517
532
3831
1502
4329
2913
459
415
1571
2301
2488
336
2946
2733
321
1502
318
207
2325
771
2281
2369
436
990
1080
191
478
872
245
858
97
255
3873
251
751
3859
2993
2999
2814
2485
724
3503
3226
910
570
165
789
519
3333
1384
2492
658
2080
587
872
397
891
245
521
169
3219
839
875
1343
3272
208
420
1670
1912
276
1667
49
97
2813
1130
3234
2492
242
450
2899
457
530
3108
321
2253
2253
332
153
2505
3626
363
652
276
3338
2122
83
290
478
387
681
2441
519
3780
382
471
3315
79
3502
697
178
636
892
3970
203
578
4762
252
732
657
70
774
2286
309
2079
476
150
459
3287
1310
2078
1810
3028
2195
1001
287
990
496
3303
519
652
451
875
709
359
85
297
859
2761
1144
228
34
4272
4494
543
4833
2040
1212
871
196
196
2027
3705
33
1225
4775
4815
370
3673
3673
3673
3673
2663
912
159
2143
3272
1102
106
294
4671
837
3930
2911
3991
468
2733
78
990
1606
576
674
4758
3272
3477
1766
581
1119
891
436
1457
3272
1705
1705
291
2814
2901
252
2490
1638
31
241
2143
1334
3670
531
222
530
2369
1604
2201
3701
363
1407
634
276
167
4083
2567
348
3272
457
1067
2913
910
636
225
4744
799
1642
3692
587
1416
3451
1753
328
634
440
678
462
4250
1219
681
273
1644
1825
280
1807
837
3282
4005
569
1323
3816
3780
693
1184
3701
3282
329
432
2167
528
1526
2811
156
2156
710
2410
628
312
4833
534
366
693
3272
403
151
260
148
235
716
3683
978
1577
3272
636
350
3701
1571
692
1885
789
4123
1526
1118
3272
95
588
496
1767
636
3837
2003
2769
3958
2769
2769
1665
2074
1343
1544
530
517
3272
839
2496
2732
428
2949
3810
1667
1422
2485
2183
1346
1760
3272
1029
2911
1254
104
543
4067
4776
4776
607
3715
2369
2541
312
416
526
2814
3969
1716
536
360
2202
536
457
1213
432
1891
737
415
3282
3837
4758
2567
460
140
859
757
315
4408
732
784
2870
1084
2870
4083
251
22
4123
2054
2431
2385
1143
329
693
845
845
845
2100
2002
95
3683
3683
1333
1333
1333
3720
76
367
1145
2993
2062
339
556
3673
3272
1987
528
944
771
200
2452
155
2492
666
666
2098
706
4808
2258
732
1037
4213
2993
2492
908
3211
559
316
1386
681
290
2003
693
732
3701
1577
892
2870
4458
1457
3234
697
395
692
891
3718
2027
184
4162
1407
2091
401
3490
207
4018
332
2765
3822
535
401
578
3673
1761
2286
2814
241
699
578
287
298
3097
1836
1810
103
4156
4156
2921
440
1673
1078
1078
1078
1673
1078
1673
1994
1760
3701
1306
3626
655
762
433
1506
2488
3701
1407
97
3608
2733
235
4433
1301
3272
1301
1101
449
693
3672
1638
2913
247
1086
990
4156
839
3701
1752
3199
1767
330
676
2145
284
545
545
545
2732
255
2913
3701
2085
353
678
1836
4272
2026
693
3703
3383
740
1333
569
213
430
1826
578
3383
612
62
3338
59
686
449
676
1080
218
1749
406
222
1987
287
2050
334
451
38
740
2485
169
283
3315
496
120
321
3526
460
2733
2595
2375
4787
407
430
2194
1917
599
2083
363
2920
678
1457
1571
2304
3490
3701
3272
439
2813
740
290
1184
3349
3750
95
3945
534
279
2485
693
1605
733
280
873
4833
658
1504
1706
1706
1706
1526
376
376
1885
4493
133
4754
870
1604
368
883
569
4745
789
1768
614
599
676
3705
3871
892
892
1825
3987
990
3503
652
311
576
2002
361
2326
312
521
607
1029
1545
649
2167
2920
1556
1556
2291
1556
213
2916
142
1608
732
38
4833
1457
1574
368
403
4437
405
3701
339
339
339
339
478
2926
531
732
676
4777
396
2383
430
2418
717
2167
2732
2205
706
1832
892
988
988
298
1465
911
2360
1000
1000
2201
1894
2201
1894
892
449
2814
450
283
504
2074
2301
676
1067
1067
1429
1429
332
3110
3272
1987
206
1802
336
318
1864
45
548
1670
542
3189
1001
2167
248
248
193
193
193
835
4833
623
4833
910
2330
1054
1609
4331
1184
1185
3987
110
3765
2021
2021
626
1301
2080
84
684
2371
576
3278
336
382
2773
72
3000
424
4122
384
3701
771
4501
418
2460
2220
4833
3701
3969
1078
1078
3991
1384
3106
32
891
4748
1184
1342
3987
3292
623
910
2814
437
3704
1545
279
797
110
2732
1805
1888
383
189
39
3701
312
2778
169
3703
166
1459
1571
48
1670
2814
1075
3338
227
3699
3336
312
2732
1888
457
771
353
1333
1055
1055
3715
681
244
1281
2301
559
3272
762
519
3780
1766
1383
476
165
1080
1742
476
556
308
2444
2444
2444
2444
2490
2444
429
4114
1101
678
3490
758
429
309
1310
3287
2998
2998
1114
290
1061
3873
443
739
2289
990
676
676
990
1387
697
697
1664
1664
1664
1664
1664
1664
1664
1664
1664
1664
1664
1664
1664
1664
1664
1664
1664
1664
1664
1664
1670
652
1664
1664
1664
1664
1664
1664
1664
1664
359
85
3179
1510
1825
740
431
4946
1652
4272
455
4833
252
1474
2130
652
192
528
68
784
1311
1239
4833
676
4833
350
1891
607
1743
3683
2451
1795
3750
3701
4830
202
4776
3272
321
1054
304
1801
3212
3212
4778
360
2769
1342
789
833
329
3019
599
837
3108
370
1749
833
4778
31
3272
269
222
626
47
1886
2183
1886
511
634
2663
2663
2663
1407
3315
2671
1029
159
3701
910
2145
215
2911
2824
2920
519
831
2732
1146
1184
732
1743
2091
403
1387
3333
1753
2045
944
634
556
2733
4745
530
3686
42
290
1825
2949
310
969
1767
4833
1407
35
4833
1545
451
965
1885
734
1281
3970
4329
1885
1504
762
286
260
449
2970
1487
151
3701
2908
4833
420
3981
1080
2492
182
3338
1945
1054
255
1114
623
3698
408
3701
153
733
189
2375
1212
330
2021
636
430
3750
3032
2078
837
2588
697
789
1281
1281
1281
316
318
187
4919
543
401
4451
143
235
623
312
78
526
831
2814
600
499
626
558
457
3701
917
2492
623
837
184
3179
201
89
2809
990
2912
3994
4741
859
315
732
1254
361
875
1084
1084
789
3110
301
606
908
606
3106
3340
366
640
424
534
2771
2289
1854
1987
460
771
2286
334
1705
367
3272
122
253
676
2251
599
3272
408
1510
3705
3720
321
449
457
496
4833
1458
496
191
837
562
3109
697
652
3272
2091
1407
4083
3590
1705
909
909
909
909
909
909
967
3490
3704
207
471
522
1806
3815
2089
3815
910
616
522
1669
697
943
1941
61
298
699
103
436
4833
3822
1078
3715
2707
636
270
578
2733
4067
626
1891
686
990
1832
3490
587
1420
3608
3272
797
449
4950
2774
2901
1114
247
4744
3972
835
1767
1767
4273
3259
478
1067
3455
1664
3701
3140
3746
286
1407
2912
1328
1673
375
3702
84
3333
241
684
2143
2126
117
3988
297
2950
116
3752
430
2814
2091
346
556
925
2089
102
892
2733
3282
1130
859
3272
1751
1670
478
2203
450
499
2281
857
837
530
367
451
692
3019
2505
938
2814
2505
4833
406
1424
2131
304
182
4607
1752
1078
1466
526
4833
706
126
1407
2074
4180
3336
2002
500
245
3653
3272
3701
471
799
1742
837
3673
233
530
530
176
1014
395
4833
1706
1706
1706
649
465
1706
1706
1706
1652
534
310
789
1767
693
1835
4811
676
3004
2733
83
839
892
678
460
2418
2046
173
3720
1281
4738
521
606
2950
4946
315
428
110
4753
102
3701
309
199
4156
2916
1153
562
468
108
3837
975
135
607
361
706
326
2814
2202
80
80
4775
2167
1503
1146
1272
666
2209
99
2193
649
4775
78
460
344
1465
1119
401
1894
1894
1894
1894
706
3818
2811
2901
286
652
206
280
548
1864
522
1014
28
156
535
397
2286
2291
1403
4122
215
41
975
1526
3127
540
476
996
3994
799
312
436
570
20
2490
3189
681
2301
2732
3314
279
1637
405
576
892
612
1567
468
336
3333
406
3455
1716
3943
1019
678
2764
771
635
635
3272
539
740
732
1115
859
4436
1407
3033
471
910
106
1102
2956
353
3106
2461
440
2912
416
476
739
323
2936
312
681
2775
202
9
89
522
2912
227
179
366
1061
623
1888
870
457
576
165
4565
789
1221
678
605
1670
101
73
3358
4753
1384
4833
1346
328
612
2167
1174
436
4775
94
612
102
543
2733
137
2635
706
190
1185
4833
187
2671
1371
500
536
548
396
1185
1114
1061
2360
1571
218
3451
476
328
522
2870
1328
1328
1333
309
1992
652
85
1202
2040
3333
3692
789
923
367
740
706
96
460
1346
1346
1328
3455
1328
1328
1328
2671
3815
732
970
2633
457
3981
265
3771
2130
3453
2383
4833
61
2200
3477
1328
3289
500
3272
4833
818
676
2595
2492
2814
607
4083
4156
304
280
3953
1067
4790
4790
4068
1993
661
42
2098
559
468
892
59
834
184
83
3715
1174
1810
762
1990
3837
360
789
3212
2713
3705
3019
837
599
1571
31
1637
3333
403
1526
431
576
367
2091
556
2003
521
607
4833
3752
459
2956
587
471
3672
4776
4776
2258
1037
1705
465
112
4744
4329
3272
2485
264
2773
798
3212
697
2083
812
4815
872
3701
1386
1114
548
681
3686
443
681
2732
1705
97
276
2666
3672
3672
3673
478
3715
286
892
3272
1894
3816
2567
3970
255
4501
182
3780
1766
2002
401
331
3343
762
2289
2077
2078
2814
431
536
697
612
4825
439
3670
196
196
2040
4408
270
532
1891
604
3837
2492
1751
1751
1751
910
286
1817
3101
3837
938
649
348
501
8
4833
676
636
4156
652
282
2594
1342
2594
697
3272
3715
2757
287
521
504
2441
837
4777
1214
1638
480
1214
140
2920
910
276
2021
678
3701
155
587
351
623
526
2814
1664
1213
2271
3701
2207
451
2921
4083
686
686
798
686
732
3179
859
239
384
384
384
384
4833
2369
1085
2426
351
3701
3106
459
1212
990
859
370
534
192
2633
1987
2633
666
666
666
666
2814
428
2098
4833
606
678
1205
122
4159
3453
3292
311
119
1009
1009
3282
49
310
4833
988
534
1946
1184
218
469
242
587
2385
764
764
764
3109
762
210
681
589
2814
681
892
1571
911
326
2733
1067
1067
771
2087
2921
370
219
338
280
4494
1607
4068
3273
200
367
732
269
636
3991
370
1465
344
242
430
4833
2949
3608
3314
2080
636
415
2836
606
990
2667
478
771
4412
871
789
2999
2999
287
676
2289
279
2040
4775
4775
626
1673
10
2182
3815
187
1766
1380
556
678
3028
184
117
346
649
2950
678
213
2870
2879
439
294
1987
2143
420
2019
1328
1328
286
3338
3837
2082
346
1077
3272
375
699
218
2568
2021
3703
2091
3019
1526
837
3272
3282
1273
1385
3943
636
762
3282
3701
578
340
3859
3315
3503
120
589
4758
4924
4924
118
536
992
892
1766
892
1955
3711
3097
154
707
499
535
3272
126
219
2074
875
443
678
500
658
2505
705
257
707
1254
273
892
912
418
1526
334
2383
985
282
528
3943
2750
1153
1086
2098
762
4740
477
477
431
257
859
3212
4493
415
870
4769
3670
3670
3670
3670
3670
3670
3670
3703
1368
4565
705
3701
944
1888
944
440
2990
626
678
4825
431
368
576
297
2671
521
3455
118
1836
2374
166
1436
2385
1921
102
3524
437
1014
3701
1422
678
612
440
762
1891
530
1912
258
424
3987
196
196
424
1457
4451
3102
2217
412
3106
434
4741
478
2351
1459
58
3452
430
706
628
2496
2167
558
636
911
366
1670
39
4517
528
3943
1479
146
2492
2915
2961
262
522
2444
286
859
655
2492
2073
762
4250
1503
3272
799
732
439
9
556
346
3363
451
215
401
462
990
1510
4816
3705
789
3272
1407
2666
635
2666
4741
2056
2056
396
600
599
570
570
1996
2201
1080
20
449
3333
3987
1150
681
4934
326
1151
771
2504
465
693
279
1559
892
396
336
2715
431
4787
3360
403
535
771
451
990
879
879
2258
4024
330
1384
1346
328
837
2956
2733
3711
4833
932
1864
910
2814
697
2570
1386
751
3590
3750
31
599
4204
870
2348
1459
2184
1571
2426
2814
2083
886
771
892
2202
1080
3272
225
73
1675
892
430
990
870
1976
536
681
316
535
403
859
2423
2423
556
1182
681
875
1422
3860
3209
1891
2426
558
3503
109
3048
499
2732
2913
652
215
521
1226
176
3705
4833
245
740
1988
430
4741
84
1384
799
1272
2360
2063
693
859
3333
309
1506
3503
1221
359
85
316
412
244
341
210
4272
304
1760
859
4156
2130
195
406
2560
1545
1545
3943
1435
1343
2078
676
351
623
3752
169
1743
3701
536
405
434
265
661
4757
153
1054
1054
1054
3452
3969
3704
332
4741
556
424
771
1805
2719
189
2947
652
278
789
732
859
634
3272
1089
178
431
556
2304
306
3824
3954
370
3818
587
1638
265
4501
2713
213
3703
530
770
770
770
434
910
2074
2485
626
1604
732
521
1742
1311
218
1825
589
649
2485
329
3686
1868
440
3
1387
910
681
276
318
3213
176
3333
2732
3873
2855
1290
1290
1290
2425
109
459
1407
3259
3259
3259
3259
3259
3259
2493
476
157
1753
459
3834
182
528
521
3343
2946
1891
678
351
3669
3109
3701
1640
431
351
3787
1605
3106
623
2431
2040
3019
235
420
733
122
929
459
449
287
1384
676
78
1866
2425
1837
286
2286
678
789
134
264
706
4833
3837
1951
4833
213
546
1407
1219
1944
2769
1526
434
3272
403
837
3212
1433
2993
789
2732
859
387
666
903
2633
612
1737
1607
3703
2492
3673
316
119
652
678
762
205
2021
2485
558
313
1457
313
1800
2201
1800
2201
1213
3823
2385
511
3140
1272
71
4778
3106
1459
990
270
706
732
1665
1665
2961
2961
2912
2913
4758
3490
789
558
606
3672
3672
215
2561
84
3701
2183
771
751
3106
2708
468
4924
706
4122
534
3503
2505
1080
2095
1990
3945
3122
706
1990
2633
771
1526
436
614
2671
915
666
990
716
1384
2732
372
3179
606
122
1383
3983
652
258
578
108
3343
1642
297
4833
329
690
892
2369
967
2369
837
2429
674
676
321
2385
837
652
681
1407
100
3750
207
4833
1765
3336
4745
3272
837
678
1433
1584
2811
2431
429
530
2087
375
1993
297
283
923
1119
1119
1119
1119
1078
3272
2183
652
2707
923
3272
4776
1474
45
45
4833
1342
251
35
1743
190
3672
112
283
789
4833
437
2284
799
706
3711
3815
1333
4500
471
4787
282
1737
478
1665
3140
859
581
471
451
87
969
3503
3128
1802
1380
2946
173
3339
2083
2836
771
3343
4833
2846
459
213
2996
455
294
2418
3837
209
990
2947
1225
2733
102
176
2855
2201
4776
917
3338
558
2040
649
375
534
2218
2913
3272
375
2912
478
531
450
693
3701
434
732
152
2078
522
4500
423
2542
2542
3019
118
3315
3234
1086
120
2089
436
1955
558
3837
460
478
1788
4833
3292
1067
1212
1311
1212
247
1620
117
146
47
892
892
2078
799
1742
1526
3106
2369
1637
88
570
837
707
436
587
312
264
2098
1087
2378
859
2913
3380
436
910
4297
1226
684
607
4744
198
3871
789
4821
332
3098
681
3988
2732
705
4811
604
815
3339
99
1888
2378
771
224
2194
144
423
1076
1333
931
521
432
1420
4500
2996
2996
2347
666
2347
1611
705
106
2912
616
3272
706
286
522
1921
1912
471
859
174
328
732
3272
587
1458
432
432
990
471
1817
839
430
907
2083
2083
171
3272
396
401
3452
589
4833
432
1119
2626
1119
636
732
266
1832
430
1215
1215
1215
1215
911
2915
4273
599
1502
3752
1761
3346
3558
210
528
1182
2460
3816
3816
3816
3816
70
171
350
3001
3783
911
532
218
3339
465
706
361
892
1608
521
990
910
215
652
332
773
3220
1919
3220
1944
3272
4273
2383
931
264
1202
1186
1186
1186
199
1174
1826
1466
68
2733
858
2441
478
1852
1852
315
2814
429
771
762
2418
4825
678
4188
468
405
3272
627
3098
2301
321
3701
238
238
238
238
238
2715
238
612
799
328
104
126
134
4777
732
528
1645
3704
3752
1202
2492
3715
2814
910
771
2920
179
457
2879
2814
2347
155
732
1185
2912
326
225
2383
837
396
363
789
997
3701
2733
892
799
732
375
744
430
2949
433
4758
2286
823
397
3672
739
17
1143
255
443
1383
519
558
2913
1221
1221
2253
2253
2182
546
2084
543
2733
2733
1000
521
3272
4833
652
432
1988
215
3102
3272
3705
4833
121
260
693
276
1504
798
2360
3943
428
3932
2031
2911
1458
3333
359
85
1188
387
4970
526
1479
2505
1138
4497
522
3336
3932
3871
241
199
812
762
3272
3490
3333
2996
315
907
2485
2130
715
117
336
1239
3715
762
1055
157
3
607
661
2296
361
2814
588
3669
283
1750
1750
405
2912
366
784
2100
859
457
892
1488
2814
1281
3953
328
360
755
1184
2912
891
626
599
2996
31
728
535
344
3333
3278
762
2791
1102
1102
3672
2870
370
1239
1748
910
3943
1327
815
815
3339
3822
290
25
321
789
732
2732
626
744
4815
4758
424
4735
3703
604
2284
430
329
2032
607
269
924
732
923
2131
2167
1767
528
110
910
832
3335
2732
2040
879
4712
965
1835
1503
1504
3199
346
4775
468
2593
3785
3330
297
432
929
521
2771
2771
2771
1557
606
1142
480
4833
210
1946
1888
989
3701
823
1891
330
734
3837
2083
106
502
2201
1886
2193
561
2426
740
2758
2814
616
2077
1767
476
68
3837
649
4833
4267
8
363
2626
3710
3711
2915
3871
1825
3272
265
3823
361
1716
859
502
2091
308
3289
440
304
4607
990
3991
652
437
4833
3686
707
103
2541
3329
626
600
870
2158
2158
2158
367
3703
241
2733
607
3278
2083
4833
733
260
2561
628
990
166
784
732
1333
3333
2492
534
67
3980
235
1038
526
649
606
480
771
37
569
3703
576
2021
449
771
2200
4833
965
406
690
4070
3994
1000
3179
2201
3820
3787
4741
71
3106
1067
2814
559
1386
1385
3340
578
2708
2091
3988
351
789
3272
430
2492
387
297
1238
678
1136
3953
2633
2291
412
990
1991
2996
1369
1807
589
2091
2998
3
901
3189
297
218
4329
309
4833
416
612
2732
1748
634
4833
499
255
1080
1891
96
833
4833
1611
707
1311
558
308
543
600
124
2707
678
636
1891
174
1146
578
739
37
2284
1743
242
428
2836
4738
587
762
1670
732
2771
2998
4122
732
969
2184
2073
3943
3272
315
224
2733
3272
499
430
4156
3140
4919
4250
2846
434
4777
100
173
1347
525
331
224
3106
258
4361
3343
103
521
1067
430
339
3837
789
408
628
4272
418
872
2429
341
1424
2492
732
499
1205
270
478
3873
241
1131
416
576
173
359
3272
117
11
120
499
536
420
108
150
412
2155
3495
1502
4950
1789
1342
3259
1130
2774
2911
875
530
2432
1227
146
4822
781
892
1282
462
192
499
384
166
3701
2369
88
707
1126
351
1126
1607
626
3834
3752
2098
2938
1457
2492
353
3008
1029
910
2912
1020
3698
684
465
4564
3672
1945
225
451
2950
705
990
244
99
3676
1670
3359
771
762
2505
2425
4769
2912
2326
522
478
521
616
616
732
144
157
403
3590
3272
451
1102
1102
859
2085
543
1416
1407
360
3704
1407
837
459
4236
4069
121
3019
1226
3958
431
4430
1061
430
1185
1215
2003
3837
344
4833
678
468
361
471
676
1503
3820
636
3339
2360
3943
3678
831
2732
113
3832
892
734
3272
931
2195
34
2019
423
3525
68
2284
3334
925
2143
925
101
678
925
2271
4618
279
2217
616
2588
253
273
2385
3363
4565
522
457
4451
439
2091
2715
431
1019
1019
1019
4833
1055
1403
4754
658
330
459
328
140
1610
705
363
228
436
4494
676
548
3705
521
892
2429
4777
2281
429
215
589
886
910
486
627
165
699
3272
732
2074
155
2532
2775
2056
330
208
907
167
326
1574
4412
626
762
2044
3272
189
771
423
681
4776
202
2626
3701
799
1571
1607
460
2993
788
668
403
124
424
2056
3096
2293
457
744
774
535
262
2205
3780
58
165
2063
2063
2063
2063
4811
1987
732
2473
1605
2207
273
1611
1609
519
1977
1518
1416
521
469
465
892
2733
49
1029
2757
3490
521
652
239
496
1311
789
1055
740
1857
2915
260
740
4024
3356
330
1891
1086
1912
4776
451
1743
4083
155
1119
676
3958
1073
4264
336
2441
3336
2274
3670
1912
1604
4745
3272
184
2432
548
401
771
3673
4273
117
732
336
534
1301
2814
3272
558
2301
363
892
4068
626
4068
558
2383
578
2950
762
1080
427
536
129
459
576
3704
1054
3837
739
259
255
133
1080
1333
789
530
360
200
3783
4122
3693
406
1912
1988
375
762
4754
313
1184
3970
344
2026
2847
1917
2281
564
589
1088
823
634
4236
546
910
2492
179
3364
192
965
3102
2505
2588
589
534
923
923
923
923
923
1640
3991
2776
3141
3701
3701
3178
1835
1130
1345
4775
4775
4517
1798
329
3672
449
478
62
3797
521
4833
2626
496
133
2091
3453
649
2074
241
1670
3720
4753
3871
258
496
496
4833
457
2183
2758
439
188
432
476
4671
4671
1826
476
346
428
1734
245
3338
3780
8
875
1219
859
2914
2811
1174
2725
2915
2725
2725
2725
2725
2725
2725
91
3824
762
649
3333
3455
3272
789
2777
3272
361
517
1029
1767
1832
434
576
732
222
2912
3701
190
1584
706
1423
652
3701
626
3987
2167
657
1143
3558
3272
420
1054
326
254
3720
587
684
3339
784
1606
623
4758
626
799
4833
523
4123
1078
235
676
526
626
1214
1273
3106
360
201
3321
569
129
3703
1212
1608
2209
201
137
283
363
2633
676
2054
697
3672
366
2814
202
2916
789
1610
1174
559
2708
2993
1705
2369
1608
556
4815
45
450
4788
387
697
1311
3670
440
465
1212
1212
1212
1212
1029
253
634
3864
576
420
3816
599
892
2091
2061
1800
329
1205
3455
4329
1457
3336
3272
2732
265
4833
678
548
2568
4156
3787
789
2291
1037
1037
455
1407
1412
1412
1919
3958
2485
896
105
652
556
1086
4833
2444
2288
548
162
607
2425
58
1890
455
465
3678
4811
4777
770
770
2281
3780
522
112
1333
3033
4272
4787
313
871
282
534
764
2712
486
4250
2998
2881
681
1205
3670
2911
255
1037
423
771
1347
901
923
649
2325
2294
2488
3752
1067
2040
2911
242
599
693
1945
189
4833
1214
3383
1503
1429
3364
3356
589
1504
1416
2185
207
3873
3272
732
370
3338
143
1174
264
205
911
1584
4784
4970
2912
923
652
1131
693
3001
2626
3704
3140
1061
1750
1328
3333
4273
757
652
892
892
460
2325
264
522
3360
1709
530
1055
616
616
699
839
162
375
612
163
892
387
1742
2446
799
1801
1742
3670
233
405
1610
2492
387
3752
1258
2814
3820
910
480
2369
684
693
412
751
2881
1665
266
693
3028
705
2079
396
106
370
3711
4204
4745
3981
1834
4825
2912
3339
3292
3272
133
3140
732
1420
2911
2291
1205
859
4500
375
4776
11
4821
837
1138
3935
636
3272
4833
286
3272
191
360
4830
693
2492
499
3314
2247
1102
1102
1102
1102
543
4775
4775
4775
599
443
4281
3338
432
2383
3272
589
35
38
3282
233
431
309
599
405
384
870
430
155
4663
3339
626
911
2847
1504
1000
1885
2081
420
2446
1118
459
4411
468
1254
3287
3259
2078
1594
519
4833
1423
3343
3108
911
3281
3943
469
875
2913
576
4833
405
2590
1310
2814
3272
434
2201
1226
1479
1775
255
2293
676
797
2183
4919
681
2911
1504
4083
252
925
2080
106
536
678
3750
2156
2156
2301
1736
38
4934
316
1669
160
3110
3272
238
321
4754
478
169
3711
2220
705
1670
2258
2485
1750
2956
1805
251
536
528
478
1075
215
626
1087
4735
3783
534
2809
142
366
158
1664
3969
588
1664
1420
169
3212
348
412
384
844
1574
1825
1407
1038
1038
1039
1528
190
1185
1457
1199
2816
1743
265
3019
4067
1577
771
124
2083
252
496
2383
273
219
163
3693
668
576
1571
401
3837
431
1221
1665
1510
2920
3340
2914
628
224
771
443
460
762
697
432
892
3282
1609
1142
396
3272
239
706
521
923
923
1542
471
3336
578
758
626
1465
3333
87
1457
2288
911
4361
4833
626
623
2195
2195
3106
134
3272
986
85
2769
1991
536
1604
2436
1009
480
1204
2418
480
762
2940
1457
3701
406
649
990
839
1944
3701
762
443
3837
2496
1788
4744
3953
3106
1061
1407
2635
468
1549
499
1085
910
2383
4607
1950
706
405
789
732
2281
4833
397
798
258
576
906
4430
166
649
4564
570
789
530
1087
3701
2814
3011
344
789
1115
2970
2410
1988
3272
31
151
4236
626
623
1073
634
2451
2836
789
1061
370
2126
4740
543
892
892
526
762
2205
789
1853
323
228
119
341
202
2913
649
892
1752
589
121
3699
440
892
923
910
3673
1890
3109
415
2490
762
167
348
449
3272
732
3701
2423
2423
2423
3670
1199
587
3289
478
2155
257
578
1184
182
346
3953
2091
1258
330
84
4775
3272
151
3219
1891
2436
2194
4833
4946
1546
2490
3971
294
290
476
3321
2999
2999
2999
2999
2999
3282
3096
2911
1742
253
245
166
2757
3032
2074
3701
1219
859
282
412
2505
4331
332
751
290
1577
3455
990
697
480
2777
4565
875
4769
2431
3333
3784
3830
1474
1215
2505
1474
163
1137
1137
1584
202
3189
4745
22
652
2485
265
988
344
1891
2200
2773
1752
1608
205
798
684
589
1054
1743
4758
1888
799
4833
559
789
254
254
3108
174
789
1665
526
2492
4822
606
4776
1670
996
424
112
332
1705
812
837
697
3991
387
276
2452
706
412
623
681
423
3122
762
310
771
443
4815
1310
323
2776
798
2814
548
2074
625
988
25
363
3490
2091
143
339
2062
462
462
1753
799
681
324
121
146
3837
589
247
563
3678
823
823
387
626
428
4833
837
2118
1742
103
218
3292
207
762
3558
739
616
616
616
616
616
1119
1119
1119
1119
140
1037
1037
3272
224
368
799
3701
2814
732
892
434
910
2410
1891
224
227
1987
674
350
1670
3108
2553
3701
627
1742
2733
459
1272
4811
33
2325
4342
153
76
460
2046
2488
280
1080
265
476
242
1458
239
328
859
397
2733
1994
1273
1994
2083
1994
2998
318
623
1310
739
1387
2369
823
823
2733
823
823
823
1080
823
771
1742
649
901
27
329
3338
3987
350
400
569
430
316
1343
3752
2911
1801
1801
174
193
193
4740
599
1115
1385
480
2733
1487
4833
200
589
2541
3272
3711
2588
1118
264
383
400
859
152
2377
254
135
367
2492
587
2426
789
1637
4833
154
3333
612
1102
3004
3981
370
589
261
676
4833
312
361
1143
2490
1215
2937
1215
892
733
1281
135
4754
623
517
3958
2774
264
332
4204
465
1800
1800
1800
1199
4762
1675
1571
789
3143
297
3943
2777
1796
995
578
476
227
4758
3272
3823
1061
3943
1429
706
338
3780
771
3383
3752
387
2155
732
1767
1766
723
3783
2478
678
2490
3340
535
4744
74
412
279
3816
1749
832
832
1801
401
929
424
875
4758
251
2946
798
771
4769
3704
1806
133
408
3704
732
626
2333
892
2193
2193
2193
1886
2193
2193
3356
2913
2590
3272
676
96
1912
2348
350
1760
199
471
676
3711
1642
3282
3272
2383
3711
706
38
3019
431
4024
693
1457
3969
159
556
2946
706
989
198
4517
309
3333
3329
262
156
2155
3220
635
2328
1407
1604
1594
3333
697
1751
789
536
3220
206
3108
4162
2532
911
311
532
522
636
2485
74
439
3670
1055
3380
279
3669
2301
1737
1737
1061
1737
1436
1310
2369
429
265
2958
599
2281
1788
1788
599
1891
2911
101
279
460
990
1086
666
350
2814
1403
4776
200
587
990
4833
2949
304
2814
3109
126
287
1526
423
840
4833
4213
309
3330
892
1375
1000
558
1375
1119
2385
158
706
3272
1386
2452
396
405
4784
334
1420
3178
167
431
535
1891
1080
4018
2814
2911
180
396
3455
4213
789
859
1571
4067
400
457
341
3703
911
450
4358
1665
1788
1921
439
697
431
206
530
652
2626
1281
1281
4018
1667
408
844
649
2914
892
262
2921
415
239
1420
1415
504
363
626
4816
739
2998
678
706
176
397
525
4188
3932
830
500
2911
2288
1951
910
3106
799
929
397
3752
1506
2200
2485
1384
429
372
3769
681
287
751
870
1144
169
2712
420
762
536
1386
530
1836
612
892
433
3179
3178
2732
2074
570
3711
3871
1185
375
911
715
85
331
504
578
3701
739
440
2743
2916
3272
279
45
684
1314
3278
3678
3303
990
2142
2946
309
3871
248
331
623
706
1627
799
652
2758
2079
690
892
3702
2914
439
3871
3212
1114
1067
2732
4195
3630
626
692
2913
97
4762
1114
193
193
193
3272
330
308
990
519
4168
1709
1085
917
2091
535
986
623
986
1518
4745
3590
273
3703
3785
225
2495
148
1742
988
1221
4012
316
2911
1891
157
436
4924
837
715
626
4833
3943
2671
3750
163
3969
3426
1281
1281
1281
1281
2492
2398
144
837
1384
797
837
2490
195
478
649
612
450
332
350
3987
3818
3818
375
1825
2074
3272
1891
4
587
636
517
3282
1748
1185
1343
4776
1825
910
227
192
3818
2488
3102
3830
3272
2492
1054
530
3987
929
363
1130
2155
771
502
3871
528
4833
589
4273
1407
576
3333
4012
3009
3780
460
478
460
2733
1225
397
3272
626
3106
587
2635
2635
1992
522
840
4180
350
581
706
2870
606
1891
600
415
3492
1165
3670
3108
755
3106
636
2719
2201
80
732
3303
3943
762
4329
4778
589
213
3987
255
1457
988
2814
4758
2301
576
3334
563
1273
3333
1637
636
2567
1638
2956
2026
253
433
2325
599
282
599
873
2490
740
556
160
543
2946
909
162
3295
2074
2798
2081
65
3282
521
2194
4833
3272
1130
2663
1859
823
823
294
540
2814
2913
636
1457
1637
676
3108
1502
831
649
1102
1789
215
4775
543
929
3315
270
789
636
585
188
2626
1638
871
859
3264
76
301
439
171
3220
27
1542
2814
469
1742
1736
2460
3503
1991
2732
892
2130
150
1606
2220
3455
1987
8
3109
1238
239
4833
84
4083
649
4
199
150
4777
3987
530
3272
636
3333
1835
370
144
339
1254
2626
612
2566
1637
1742
1457
210
2441
348
2996
158
837
1743
1742
340
1067
174
443
990
2384
1202
1457
1199
762
3455
375
1479
3670
872
2636
3824
3503
892
1067
245
2865
3703
116
668
2626
415
519
3340
3272
423
278
2289
350
681
2626
91
649
193
771
312
668
1546
3953
165
262
2837
740
931
2492
4264
348
457
496
496
3346
208
2492
4069
4776
4776
254
1584
227
576
589
104
306
215
875
1407
1061
359
350
3330
1670
1067
251
649
4331
4501
2082
2079
116
652
2441
2217
3295
500
548
762
699
789
304
359
2461
676
4811
1670
480
1466
2073
316
166
1214
3282
771
3701
3219
2505
990
468
2074
439
1834
383
762
706
202
2492
2811
4815
178
3701
535
1114
3871
1664
311
210
182
1334
3272
205
504
859
403
1743
2217
2284
1029
364
364
3943
1184
124
480
1801
3750
1118
247
133
3701
430
146
1857
387
875
329
100
875
525
2711
771
405
799
1559
2203
762
522
771
439
361
287
3455
519
187
2814
252
965
3815
612
264
1078
636
762
3358
4018
471
2056
218
2091
2588
2993
101
3693
4272
3701
459
395
2288
332
3813
375
2130
3820
540
2719
576
3272
1945
282
771
3823
2077
57
451
2002
209
2289
2626
261
205
2369
332
324
334
265
432
599
3272
530
260
201
375
706
216
1546
3953
1138
2635
2098
1643
522
2946
4068
732
4833
3525
844
3828
3264
923
207
612
301
1886
938
260
259
2425
2425
789
3701
3140
3590
462
3822
892
2778
251
910
837
917
3525
2074
258
2074
2567
2626
699
104
4156
717
2798
338
4950
4451
1054
10
771
3455
65
837
2757
287
1205
892
4213
348
328
439
2993
4042
636
892
350
3871
331
1145
606
1917
1577
1213
875
167
2091
179
420
1346
1572
4297
1991
1080
1080
616
316
564
324
2369
623
3278
401
1665
1457
623
1102
291
1800
3333
1577
723
2369
1238
486
269
1891
109
789
1407
341
3214
166
2814
1301
540
2913
706
2505
468
1328
4744
732
965
4816
1670
3106
37
636
3670
789
1080
22
912
522
2911
2091
649
3234
2733
535
2377
3698
99
1143
1800
253
3991
555
3333
2002
2998
4437
528
3837
3259
530
3991
4778
4778
201
118
4156
332
1369
536
233
348
144
4663
2347
2347
173
4383
262
314
797
859
2083
311
71
3873
525
276
428
4037
455
144
789
3871
859
732
348
230
690
3259
1204
1487
652
2155
681
428
3704
1403
2063
283
1526
2912
3987
764
1716
3002
3002
184
112
3272
910
578
732
923
269
3720
4833
78
4297
3503
3343
2505
354
354
2195
587
2911
543
1118
434
1144
3278
3451
1670
1512
589
1637
462
1037
471
4784
1184
2271
2027
2913
1032
4264
279
3837
350
151
892
1185
406
4777
3019
771
152
706
912
2936
2921
430
758
4012
1893
1077
468
4162
2426
3314
1620
224
528
105
126
452
892
51
2946
3873
3715
228
4778
4778
4778
452
4775
969
1144
1144
4741
2369
3333
2505
2505
412
1834
3823
3336
3676
1334
558
81
324
452
33
2492
676
332
2410
313
346
253
3272
558
1487
2946
1705
837
2775
468
4833
3272
3333
1457
1716
3272
1080
2026
2026
3670
762
2289
599
316
424
2918
652
548
3943
4762
931
1506
909
3987
10
451
3678
578
604
2879
480
301
209
4777
359
4329
903
295
3816
764
2912
2082
2814
2949
1503
313
1891
3719
4236
351
3272
3272
3701
135
1891
106
1556
2993
1742
2488
200
182
2814
480
294
859
2958
3223
3223
2733
762
455
563
3234
1067
555
1067
2707
3820
1990
1990
3346
536
1407
3873
3282
3366
859
60
72
361
1067
2385
3701
2288
1836
4451
3991
424
499
262
1638
191
1760
4012
452
3140
148
4775
4775
90
555
230
4775
295
555
499
2033
2814
623
859
771
740
2444
452
3212
2281
90
354
295
246
246
354
3653
354
354
354
354
127
127
127
127
90
555
1893
295
295
1893
4156
4156
4775
555
555
230
452
452
452
246
452
4775
295
875
555
2077
649
717
3019
1086
1510
3272
2569
2425
400
859
924
525
3701
3272
127
127
127
295
295
4775
230
246
4775
4775
555
354
354
354
4775
1080
555
230
4775
555
555
555
555
555
452
2911
91
3272
3106
330
1163
1163
1403
363
277
549
1568
345
3701
3971
681
3334
478
599
436
892
892
693
789
331
369
576
131
1763
230
2422
2422
2422
549
549
549
549
549
549
549
549
549
626
3987
412
397
2732
4784
4781
290
330
2485
348
3732
549
549
1568
2178
2178
549
131
549
131
4026
549
390
390
549
549
1763
1763
681
549
2233
369
369
549
549
412
1704
131
1163
676
4777
4777
390
390
4777
369
369
549
1763
2233
1568
549
2178
2178
2178
2233
2233
549
549
549
1163
549
549
549
420
892
576
4784
1568
549
3333
549
1888
1568
4520
549
131
1568
4777
3737
1568
1763
549
549
4784
535
549
549
3943
384