386 	395 	451
3553 	3586 	3587 	3637
3583
4930
88
13 	120
8
8
6 	7 	9
8 	10 	61 	75 	205 	208
9 	50
94 	125
13
5 	12 	14 	15 	83
13 	16 	17 	29 	147
13
14
14
19 	190
18 	20 	130
19 	199
51 	176
4445
4446
53 	4461
58 	136
94 	131 	139 	203
161 	166
98
14 	130 	160
123 	140
62 	104
155 	174
34
33 	35 	97
34 	36 	69 	141 	142
35 	37 	38 	39 	47 	157
36
36
36
97 	202
42 	58 	167 	218 	232
41 	98 	181
94 	163
47
47
47 	184
36 	44 	45 	46 	171
75 	101 	106
4448
10 	139 	205
21 	120 	194
111 	119 	172
24 	231
109 	147
88 	107
119 	149 	152 	175 	198
98 	2562
25 	41 	59 	167
58 	60
59 	154
9 	188 	209
31 	154
68
68
68
69
70
63 	64 	65 	69 	979 	4893
35 	66 	68 	70 	1030 	1052 	2344
67 	69 	108
86 	224
73 	112 	215
72 	91 	231
98
9 	48
77 	86 	110 	185
76 	170 	191
79 	109
78 	80
79 	184 	199 	989
82 	2562
81 	98
13 	218 	221
4446 	4461
151 	4448
71 	76 	110
88 	89
4 	55 	87 	90 	172 	178 	195 	198
87
88
73 	496 	4446
94 	123 	174
94
11 	26 	43 	92 	93 	95 	131
94 	129 	171
144 	148
34 	40
28 	42 	57 	74 	82 	100 	125 	135 	205
100 	4459
98 	99
48 	123 	210
140
145 	153 	190
31 	174 	222
184 	1030 	1055
48 	186
55 	178
70 	116 	207 	4120
54 	78
76 	86
52 	148 	192 	204
72 	113 	215
112 	129 	3770
115
114 	205
108 	117 	118 	207 	522
116
116
52 	56 	148 	175
5 	51
122
121 	123
30 	92 	101 	122 	140
153 	173 	194 	232
11 	98 	208
129
129
129
95 	113 	126 	127 	128 	207 	235 	4112
19 	29
26 	94 	139
4461
2562
222 	236
98 	236
25 	146
223 	224 	229
139 	140 	143 	150 	205 	4882
26 	50 	131 	138 	140
30 	102 	123 	138 	139 	141 	186
35 	140 	142
35 	141
138 	151 	202 	234
96 	192
103 	194 	196
136 	153
14 	54
96 	111 	119
56 	198
138 	181 	191
85 	143
56 	198
103 	124 	146 	154 	156 	157 	158
60 	62 	153 	155 	157 	159 	173
32 	154
153 	189
36 	153 	154 	193
153
154
29
27 	196
163 	165
43 	162 	164 	191
163
162
27 	176
41 	58
170 	229
170 	187 	227
77 	168 	169 	171
47 	95 	170
52 	88
124 	154
32 	92 	104 	189
56 	119
21 	166
178 	179 	180
88 	107 	177
177 	199 	206
177
42 	150
184
184
46 	80 	105 	182 	183 	200 	997
76 	187
106 	140
169 	185 	228 	230
61 	205
156 	174
18 	103
77 	150 	163
111 	144 	193
157 	192
51 	124 	145
88 	204
145 	161
201
56 	88 	149 	152 	200 	201
20 	80 	179 	201
184 	198
197 	198 	199
40 	143
26
111 	195
9 	50 	98 	115 	138 	188 	207
179 	207
108 	116 	129 	205 	206
9 	125
61
101 	211 	212 	213
210
210
210
215 	499
72 	112 	214
225 	228
218
41 	83 	217
224
221
83 	220 	225
104 	134
137 	227
71 	137 	219
216 	221
229 	230
169 	223
187 	216
137 	168 	226
187 	226
53 	73
41 	124
234
143 	233
129
134 	135 	237
236
252 	318 	4423
240 	333 	354
239 	316 	327 	337
242 	351
241 	284 	363 	364 	365 	366
342 	355
335 	361
247
247 	257 	298 	371 	378
245 	246 	330
250
250 	280 	305 	312 	313 	360
248 	249
252 	289 	319 	367 	370
238 	251 	253 	289 	322 	376
252 	337 	4362
255 	284 	329
254 	285 	299
259
246 	259 	310 	360 	368 	381
299 	306 	311
256 	257
261 	287 	350 	369 	382
260 	262 	267 	334
261 	344 	345
321 	4415
281 	334
308
267 	350
261 	266
269
268 	346 	362
274
274
274 	372
274
270 	271 	272 	273 	275 	325 	362
274
286 	351
314 	342
298 	335 	378
280 	282 	295 	302 	313
249 	279 	305 	312 	313 	360
264 	334
279 	284 	295 	302 	313
284
242 	254 	282 	283 	285 	296 	305 	366
255 	284 	306 	316 	1178
276
260 	351
290
251 	252
288 	336 	4435
292
291 	325 	362
298
300
279 	282 	296 	302 	313
284 	295 	365
300 	308 	340
246 	278 	293 	299 	335 	343
255 	258 	298 	316 	362
294 	297
302
279 	282 	295 	301 	313
307 	316
305
249 	280 	284 	304 	306 	313
258 	285 	305 	316
303
265 	297 	323 	340
353 	358 	4431
257 	311 	368
258 	310 	344 	345
249 	280 	313
249 	279 	280 	282 	295 	302 	305 	312
277 	315 	326
314 	316 	356
240 	285 	299 	303 	306 	315 	337
318 	1119
238 	317 	336
251 	320 	322 	370
319 	321
263 	320 	4341
252 	319
308
325
274 	292 	324
314 	4428
240 	328 	379
327
254 	330
247 	329 	357
340 	380
333 	353 	355
239 	332
261 	264 	281 	352
244 	278 	298 	373
290 	318 	337 	338
240 	253 	316 	336
336 	339
338
297 	308 	331 	341
340 	346
243 	277 	343 	355
298 	342
262 	311
262 	311
269 	341
352
352
350
260 	266 	349 	369
241 	276 	287 	352
334 	347 	348 	351
309 	332 	354 	355 	374 	4425
239 	353 	4426
243 	332 	342 	353 	356
315 	355
330 	377
309
361
249 	257 	280 	381
244 	359 	362
269 	274 	292 	299 	361
242
242
242 	296
242 	284
251 	370
257 	310
260 	350
251 	319 	367
246 	378
272
335
353
378
252
357
246 	278 	371 	375
327
331
257 	360
260
384 	429 	445 	454 	455 	462
383 	393 	426 	447
386
0 	385 	387 	445 	446 	2307
386
430
437 	2282
391
390 	392 	394 	409 	423
391 	402 	406 	425 	436
384 	395 	396 	447 	2223
391 	442 	457
0 	393 	419 	2213 	2393
393 	397 	398 	399 	400 	420 	2231 	2283
396
396
396
396
402
392 	401 	403 	411 	435 	436 	439
402
405
404 	406 	431 	457 	460
392 	405
408
407 	437 	451 	456
391 	431
411
402 	410 	1216
473 	1248
414 	415 	452 	459 	462 	464 	468
413 	425
413
417 	430 	444 	450 	469
416
421
395 	421 	456
396 	421 	426 	2283
418 	419 	420
439 	1424 	1784
391 	430
425 	443 	444
392 	414 	424 	426
384 	420 	425 	427 	447 	3987
426 	1125
452 	459
383 	446 	470
388 	416 	423 	441 	469
405 	409 	432 	433 	472
431 	436
431
435
402 	434 	461 	1297
392 	402 	432
389 	408
439 	472 	473
402 	422 	438
441
430 	440 	442
394 	441 	466
424 	464 	468
416 	424
383 	386
386 	429
384 	393 	426
449
448 	465 	467
416 	468
0 	408 	453
413 	428
451 	463
383 	455 	470
383 	454 	459
408 	419 	465
394 	405 	460
461
413 	428 	455
405 	457
435 	458
383 	413
453 	467
413 	443 	469
449 	456
442
449 	463
413 	443 	450
416 	430 	464
429 	454
472
431 	438 	471
412 	438
481 	4173
4113 	4446
477
476 	480 	484
479 	492 	498
478 	480 	481
477 	479 	493
474 	479 	491 	4111
485 	489 	494 	495
484 	3769
477 	483 	485 	493 	496
482 	484 	486 	489 	497 	498
485 	494
491
1183 	1201
482 	485
2426 	2542 	2543 	2548 	2680 	2799 	2832 	2834 	2835 	2836 	2949
481 	487
478 	493 	497
480 	484 	492 	4446
482 	486
482 	496
91 	484 	495 	499
485 	492
478 	485
214 	496
501
500 	549 	570 	573
504
504
502 	503 	523 	556 	564
548 	551
539 	546 	565
539 	546 	566
565 	566
545 	571 	572
561
512 	513 	534 	538 	550 	551
511
511
4458
519
520
520
520 	3982
515 	520
516 	517 	518 	519 	2312
522 	828 	832 	4448 	4458
116 	521 	570 	4120
504 	524 	525 	532
523 	528
523 	530
527 	532 	4145
526
524 	529 	530
528
525 	528 	531
530
523 	526 	533 	548 	556 	564 	568 	573
532 	570
511 	538 	550
536 	559 	574
535 	537 	557
536
511 	534 	551
506 	507 	540 	541 	542 	543 	544
539 	569
539 	569
539 	550
539 	545 	561 	565
539 	545 	561 	566
509 	543 	544
506 	507 	553 	554 	558 	559
548 	555
505 	532 	547 	549 	551 	552 	568
501 	548
511 	534 	542 	551
505 	511 	538 	548 	550
548 	555
546 	555
546 	555
547 	552 	553 	554
504 	532 	563
536 	558 	563
546 	557 	562
535 	546
561
510 	543 	544 	560
558 	563
556 	557 	562
504 	532 	1481 	1482 	4211
506 	508 	543
507 	508 	544
568
532 	548 	567
540 	541 	570 	4458
501 	522 	533 	569 	4164
509
509
501 	532
535
657 	659 	660 	730
582 	625 	640
578
577 	594 	610
664 	702
720 	725
585 	626
576 	583 	584 	612 	645
582
582 	585 	652 	667 	672 	680
581 	584 	614
587
586 	618 	624 	669 	679 	703
597
590 	591 	594 	692
589
589
593 	597 	630
592
578 	589 	595 	596 	628 	705
594
594
588 	592 	598 	599 	600 	601 	602 	620 	657
597
597
597
597
597
604
603 	605 	606 	657 	691
604 	658 	666
604
610
609
608 	610 	611 	657 	662
578 	607 	609 	722
609
582 	613 	640 	700
612 	614
585 	613 	619 	636 	676
616
615 	639 	725
618
587 	617 	668
614 	626
597
622
621 	653 	736
624
587 	623 	655 	668 	708
576
581 	619
628
594 	627 	658
630
592 	629 	696
632
631 	634 	639 	668 	689 	718
634
632 	633 	725
636
614 	635 	648
671 	709 	713 	728
639
616 	632 	638 	653 	681 	685 	725
576 	612 	641
640
658
644
643 	648 	687
582 	646 	704
645
648
636 	644 	647
650
649 	725
653
584 	653 	680 	726
622 	639 	651 	652 	685 	725
655
624 	654 	669 	689
658
575 	597 	604 	609 	658 	696
605 	628 	642 	656 	657 	712 	738
575
575
662
609 	661 	691
664
579 	663
666
605 	665 	692
584 	668 	680 	726
618 	624 	632 	667 	718
587 	655
704
637 	672 	713
584 	671 	673 	674
672
672
676 	702
614 	675
720 	725
679
587 	678 	681
584 	652 	667 	681 	682 	683 	693 	726
639 	679 	680 	685 	687 	702 	708
680
680
685
639 	653 	681 	684
687
644 	681 	686
689
632 	655 	688 	732
691
604 	662 	690
589 	666 	694 	726 	738 	3769
680
692 	695 	726
694
630 	657 	697
696
699 	728
698
612 	702
702
579 	675 	681 	700 	701 	734
587
645 	670 	713
594
707 	709
706
624 	681
637 	706 	710
709
712
658 	711 	722
637 	671 	704 	714
713
716
715 	720
718
632 	668 	717
720
580 	677 	716 	719 	725 	727
722
610 	712 	721 	723
722
725
580 	616 	634 	639 	650 	653 	677 	720 	724 	726
652 	667 	680 	692 	694 	725 	3781
720
637 	698 	729
728
575
732
689 	731
734
702 	733 	736
736
622 	734 	735
738
658 	692 	737
740 	749 	763
739 	748 	750 	757 	815
744
743 	759 	762 	779
742 	744 	745 	760 	777 	804
741 	743 	746 	802 	815 	1230
743
744
780
740 	750 	751 	775 	805
739 	752 	805
740 	748 	753 	757 	776
748
749 	2413
750 	2414
764 	783 	803
757
757 	787
740 	750 	755 	756 	758 	791
757 	812 	813 	823 	824
742 	760 	762 	778
743 	759 	814
762
742 	759 	761 	778 	780 	789
739 	777 	814 	815
754 	774 	820
766
765 	803
771
772
772
771 	785 	797
767 	770 	772 	773 	786
768 	769 	771 	823 	824
771
764 	781 	817
748
750 	786 	4928
743 	763 	2417
759 	762 	814
742 	789 	795
747 	762 	781 	783 	784 	789 	799 	803
774 	780
803 	4934
754 	780 	791 	800
780
770 	786
771 	776 	785
756 	791 	803
789
762 	779 	780 	788
2304 	2417
757 	783 	787 	803
793
792 	794 	811 	1214
793 	804
779 	796 	804 	808
795
770
799
780 	798
783 	801 	1230 	1257
800
744 	2207
754 	766 	780 	782 	787 	791 	807 	821
743 	794 	795 	1402
748 	749
807
803 	806
795 	809
808 	822
811
793 	810 	822 	1124
758 	1227
758 	1228
760 	763 	778
740 	744 	763 	816
815
774 	818
817 	819
818 	820 	4940
764 	819
803
809 	811 	1124
758 	772
758 	772
826 	844
825 	829 	4462
828 	845 	858 	877
521 	827 	837
826 	834 	836 	4458
4444
832 	855 	867 	868 	869 	895 	903 	904 	905 	906 	910 	919 	920 	932
521 	831
834 	854 	862 	866 	874 	891
829 	833
836 	892 	896
829 	835
828 	853 	871 	872 	4458
839 	853
838 	840
839 	2351
842
841 	4179
861 	862 	863 	4457
825 	846 	865
827 	877 	903
844 	847 	860 	870 	880 	884 	894 	900 	912
846 	848 	911
847 	879 	886 	887 	888 	889
855 	907 	908 	909
854 	898
854
853 	865 	873 	900 	902
837 	838 	852
833 	850 	851 	855 	859 	861 	863 	864 	891
831 	849 	854 	856 	860
855 	4458
882 	893 	902
827 	885
854 	860 	864 	881 	883
846 	855 	859
843 	854
833 	843
843 	854
854 	859 	883 	921
844 	852
833
831
831
831 	895 	899
846
837 	885 	928
837 	929
852 	930
833 	885 	897 	901
876 	878 	881 	893
875 	894 	895
827 	845
875 	892 	928 	929 	930
848
846 	900
859 	875 	891
857 	883 	931
859 	864 	882 	884
846 	883
858 	871 	874 	928
848
848
848
848
902 	929
833 	854 	881
835 	878 	896
857 	875 	894
846 	876 	893
831 	869 	876 	896 	897
835 	892 	895
874 	895
850
869 	930
846 	852 	880
874 	928
852 	857 	890 	928 	929 	931
831 	845
831
831
831
849
849
849
831
847
846 	917 	918
917
917
918
918
912 	913 	914
912 	915 	916
831
831
864 	926 	927
926
926
927
927
921 	922 	923
921 	924 	925
871 	878 	885 	901 	902 	929
872 	878 	890 	902 	928
873 	878 	899
882 	902
831
1014 	1053
935 	936 	969
934 	969
934 	941
938 	954 	1010 	1050
937
940 	956 	961 	984
939 	1016 	1036 	1051
936 	942 	994 	1014
941 	946 	959
944 	1003 	1005 	1028
943 	945 	995 	1028
944 	1006 	1058
942 	947
946
949 	950 	964 	1047 	1048
948 	951 	962 	1043
948 	951 	970 	1034
949 	950 	971 	978 	1000
953 	975 	1023 	1024 	1056
952 	983 	1011 	1030 	1052
937 	973 	1050
983
939 	957 	1015 	1050
956
959 	993 	1049
942 	958 	1006
965 	987
939 	1055
949 	993
991 	1013 	1030
948 	1025
960 	966 	973 	1021
965 	997
968 	1026
967 	1006 	1057
934 	935 	995 	1021
950 	971 	996
951 	970 	1026 	1037
973
954 	965 	972 	1021
1023 	1024 	1031
952 	1010 	1054
1034 	1048
992 	1047
951 	1005
68 	980 	1036
979 	4855
982 	1015 	1055
981
953 	955
939 	985 	1050
984
1010 	1012 	1044
960 	988 	989
987
80 	987 	997
994
963 	1011 	1054
977 	993 	998 	1047
958 	962 	992 	1049
941 	990 	999
944 	969 	1028
970 	1001
184 	966 	989 	1006 	1057
992 	1034
994
951 	1026
996 	1002
1001 	1005
943 	1045
1021 	1028
943 	978 	1002 	1006 	1007 	1008 	1009 	1014 	1026 	1037 	1049
945 	959 	968 	997 	1005 	1057
1005
1005
1005
937 	975 	986 	1011 	1056
953 	991 	1010
986 	1013 	1044
963 	1012
933 	941 	1005
956 	981 	1016
940 	1015 	1017
1016
1019 	1022
1018 	1031 	1046 	1050
1021
965 	969 	973 	1004 	1020
1018 	1046 	1050 	1059
952 	974 	1050 	1059
952 	974 	1050 	1059
964 	1026
967 	971 	1000 	1005 	1025 	1027 	1043 	1045
1026
943 	944 	995 	1004
1030
69 	105 	953 	963 	1029 	1033 	1038 	1039 	1040 	4894
974 	1019 	1032 	1046
1031 	1052
1030 	4902
950 	976 	998 	1035
1034 	1049
940 	979
971 	1005
1030
1030
1030
1042 	1044 	1056
1041
949 	1026
986 	1012 	1041
1003 	1026
1019 	1022 	1031 	1059
948 	977 	992
948 	976
958 	993 	1005 	1035
937 	954 	956 	984 	1019 	1022 	1023 	1024 	1051 	1052
940 	1050
69 	953 	1032 	1050 	1058
933
975 	991
105 	961 	981
952 	1010 	1041
968 	997 	1006
945 	1052
1022 	1023 	1024 	1046
1061 	1062 	1542 	2002 	2035
1060 	1444
1060 	1444
1065 	1160 	1331 	1625 	1809
1176
1063 	1091 	1119
1852 	1901 	2069
1068 	1418 	1969
1067 	1419
1070 	1196 	1197 	1300 	1497 	1498 	1566
1069 	1269 	1371
1553 	1615 	2028
1073 	1191 	1208 	1280 	1314 	1469 	1554
1072 	1192 	1313
1076 	1159 	1506
1076 	1217 	1905
1074 	1075
1224
1079 	1244 	1306 	1313 	1459
1078
1334 	1559
1154 	1560 	1942
1224 	1510 	1728 	1750
1295 	1446 	1503
1098 	1224
1086 	1087 	1351 	1367 	1420 	1478
1085 	1088 	1091 	1097
1085 	1088 	1090 	1220 	1223 	1624
1086 	1087 	1091 	1401
1311 	1446 	1556
1087 	1091 	1108 	1165 	1496 	1630 	1959 	2017
1065 	1086 	1088 	1090 	1092 	1166 	1353 	1429 	1504 	1525
1091 	1488
1094 	1095 	2096 	2135
1093 	1177 	1447
1093 	1386 	1446 	2071 	2091 	2159
1097 	1285 	2109
1086 	1096 	1343 	1379
1084 	1099 	1193 	1490 	1677 	1713 	1731 	1914
1098 	1334
1101 	1276 	1530 	2062 	2176 	2179
1100 	1277 	2139
1103 	1226 	1338 	1422 	1573
1102 	1143 	1442
1460 	1556 	1717 	1753 	2061 	2121
1106 	1145 	1179 	1666 	1948
1105 	1107 	1136 	1143 	1180 	1249 	1317 	1323 	1810 	1877
1106 	1137 	1267 	1365
1090 	1240 	1496
1210 	1471 	1495
1111
1110 	1459
1579 	1581
1116
1837 	1932
1543 	1603 	1969
1113 	1453 	1454 	1499 	1552
1189 	1436 	1461 	1463 	1584 	2195
1119 	1825
317 	1065 	1118 	1176 	1429 	4437
1825 	1956
1122
1121 	1163 	1275
1243 	1313 	1459
811 	822 	1576 	2021
427 	1476
1127 	1128
1126 	1863
1126 	1353 	1401
1187 	1226
1830 	1942
1243 	1308 	1330 	2557
1135 	1493 	1605
1242 	1323 	1609
1416 	1531 	1610
1132 	1451 	1534
1106 	1137 	1138 	1139
1107 	1136
1136
1136
1301 	1332 	1345 	1361 	1458 	1486 	1619 	1620
1142
1141 	1474 	1874
1103 	1106 	1434 	1622
1222
1105 	1491 	1955
1148
1148 	1166 	1207 	2063 	2064
1146 	1147 	1167 	1340 	1452
1150 	1696
1149 	1275 	1283
1335 	1356 	1473 	1489 	1530
1170 	1357 	1484
1405 	1730
1081 	1197
1156 	1774 	1971
1155 	1161 	1221 	1260
1326 	1736 	1749
1159 	1505 	1684 	1770 	1905
1074 	1158 	1166 	1170 	1322 	1416 	1506
1063 	1956 	2092
1156 	1260 	1501
1163 	1241 	1517 	1641
1122 	1162 	1299
1435 	1865 	2184 	2189
1090 	1166 	1777 	1853 	2015
1091 	1147 	1159 	1165 	1167 	1168 	1413 	1438 	1525 	1646
1148 	1166 	1244 	1541
1166
1170 	1403
1152 	1159 	1169 	1171 	1175 	1201 	1309 	1484 	1486 	1531
1170 	1403
2180
1468 	1484 	1486 	1487 	1531 	1649
1184 	1518
1170 	1201 	1467
1064 	1119 	1504
1094 	1178 	1265 	1387
285 	1177 	1340
1105
1106
1735 	2164
1190 	1398
488 	1467
1174 	2447
1442
1949 	2050 	2075
1129 	1469
1189
1117 	1188 	1234
1182 	1191 	1845
1072 	1190 	1192 	1246 	1407
1073 	1191 	1330
1098 	1528
1195 	1678
1194 	1416 	1452 	1521
1069 	1197
1069 	1154 	1196
1349 	1512
1200 	1348 	1891
1199 	1892
488 	1170 	1175 	1309
1203 	1204
1202 	1364
1202 	1253 	1488
1290 	1449 	2086
1207 	1359 	1705 	1866 	1989 	2037
1147 	1206
1072 	1441 	1794
1309 	1467 	1679
1109 	1211 	1536 	2076
1210
1213 	1770
1212 	1346
793 	1774
1216
411 	1215 	1512
1075 	1425
1247 	1385 	1450 	1687
1407 	1417 	1689 	1767 	1912
1087 	1251
1156 	1292
1144 	1254
1087 	1524
1077 	1082 	1084 	1225 	1262 	1432 	1594 	1647 	1727 	1746 	1799 	2194
1224 	1326
1102 	1129 	1709
812 	1231
813 	1231
1254 	1478 	1524
744 	800 	1231 	1402
1227 	1228 	1230 	1488
1239 	1246
1234
1189 	1233 	1461
1236 	1577 	1723 	1902
1235 	1237
1236 	1334 	1810
1239 	1532
1232 	1238 	1329 	1483
1108
1162 	1355
1133 	1291 	1725 	1726 	1995
1123 	1131 	1267 	1308 	1383 	1423
1078 	1167 	1267 	1306 	1365 	1507
1505 	1678
1191 	1232
1218 	1384
412 	1913
1106 	1256
1289 	1501
1220 	1389 	1420
1253 	1297 	1343 	1349
1204 	1252 	1304
1222 	1229
1570 	1762 	1798
1249 	1326 	1763
800 	1258 	1292 	1353 	1402 	1992
1257 	1488
1260
1156 	1161 	1259
1263
1224
1261 	1432
1799
1177
1267
1107 	1243 	1244 	1266 	1313 	1459
1269 	1410 	1472 	1776 	2182
1070 	1268 	1373
1271
1270 	1634
1273 	1274 	1569 	1586 	1626 	1928
1272 	1361
1272 	1450
1122 	1150 	1307
1100 	1277 	1278 	1352 	1466 	1489
1101 	1276 	2203
1276 	1279 	1435 	1489 	2120
1278 	1309 	1463
1072 	1281 	1523 	1786
1280 	1313
1283 	1701
1150 	1282 	1377
1474 	1526 	1684 	1835
1096 	2141
1300 	1535 	1800
1289
1289 	1801
1250 	1287 	1288 	1353 	1934
1205 	1409
1242 	1803 	1994
1221 	1257
1294
1293 	1304 	1306
1083
1297 	1350 	1426 	1629
435 	1252 	1296
1299 	1302 	1532 	1562 	1805 	2158
1163 	1298 	1329 	1805
1069 	1286 	1301 	1807
1140 	1300
1298 	1398
1304
1253 	1294 	1303
1306
1078 	1244 	1294 	1305 	1433
1275 	1308 	1812 	2060
1131 	1243 	1307 	1476 	2594
1170 	1201 	1209 	1279 	1310 	1316 	1436 	1814 	2138 	2139 	2185
1309 	1540
1089 	1312 	1446 	2036 	2191 	2192
1311 	1447
1073 	1078 	1123 	1267 	1281 	1373 	1443
1072 	1315 	1912
1314 	1816
1309 	1467 	1817
1106 	1406 	1819
1319
1318 	1332 	1458
1440 	1527
1412 	1505 	1522 	2156
1159 	1416
1106 	1133 	1324 	1338 	1374 	2097 	2098
1323 	1365
1326 	1822 	1881
1157 	1225 	1256 	1325 	1327 	1328 	1424 	1579 	1580 	1821
1326 	1433 	1459
1326
1239 	1299 	1330 	1483
1131 	1192 	1329
1063 	1634
1140 	1319 	1345
1334 	1346 	1631 	1677 	2016
1080 	1099 	1237 	1333 	1369 	1391 	1396 	1438 	1502 	1506 	1515
1151 	1356 	1558
1337
1336 	1663 	1997
1102 	1323 	1831
1340 	1341 	1462
1148 	1178 	1339 	1540
1339 	1448
1343 	1364 	1427 	1508 	1860
1097 	1252 	1342
1345
1140 	1332 	1344 	2180
1213 	1333 	1761
1447 	1461 	1842
1199 	1349 	1426 	1449 	1629
1198 	1252 	1348
1296 	1364
1085 	2017
1276 	1435 	1466 	2189
1091 	1128 	1257 	1289 	1354 	1379 	1859
1353
1241 	1562
1151 	1335 	1357 	1489 	1530 	1558 	2007 	2120
1152 	1356 	2139
1735 	1765
1206 	1719 	1867 	2044
1361 	1363 	1775 	1929 	1950
1140 	1273 	1360 	1362 	1444 	1450 	1487 	1864
1361 	1371
1360 	1471 	1919
1203 	1342 	1350
1107 	1244 	1324 	1373 	1500
1490 	1516
1085 	1388 	1400 	1624
1369 	1903 	1975
1334 	1368 	1552
1371 	1495
1070 	1362 	1370 	1403 	1445 	1538 	1539
1373 	1374 	1451
1269 	1313 	1365 	1372
1323 	1372 	1451
1376
1375 	1422
1283 	1382 	1406
1379 	1400 	1593 	2021 	2104
1097 	1353 	1378
1502 	1506 	1893
1382 	1397
1377 	1381 	1383
1243 	1382 	1476
1247 	1895
1218 	1895
1095 	1387 	2096 	2159
1177 	1386
1367 	1399
1251 	1478 	1632
1391 	1425 	1439
1334 	1390 	1413
1426
1397 	1404
1515
1396
1334 	1395
1381 	1393
1182 	1302
1388 	1400
1367 	1378 	1399 	1401 	1852
1088 	1128 	1400
804 	1230 	1257
1169 	1171 	1371 	1485 	1540 	1541
1393
1153 	1406
1317 	1377 	1405 	1422
1191 	1219
1798 	1980 	1983
1290 	1470
1268 	1419 	1498 	2113
1412
1321 	1411 	1505
1166 	1391 	2193
1416
1416 	1522 	1844 	1874
1134 	1159 	1195 	1322 	1414 	1415 	1920
1219 	1921
1067 	1419 	1455 	1828
1068 	1410 	1418 	1453 	1454 	1535 	1923 	1963
1085 	1251
1422
1102 	1376 	1406 	1421 	1423
1243 	1422
422 	1326 	1924
1217 	1390 	2016
1296 	1348 	1392
1342 	1449
1429 	2069
1091 	1119 	1428
1431 	1432 	1974
1430 	1433
1224 	1263 	1430
1306 	1327 	1431
1143 	1930
1164 	1278 	1352 	1436 	2184
1117 	1309 	1435 	1462
1783 	1935
1166 	1334 	1811
1390 	1440 	1516 	1526 	1884
1320 	1439 	1811
1208 	1442 	1794
1103 	1185 	1441 	1443 	1537 	1548 	1987
1313 	1442
1061 	1062 	1361 	1445
1371 	1444
1083 	1089 	1095 	1311 	1447 	2077
1094 	1312 	1347 	1446 	2195
1341 	1461
1205 	1348 	1427
1218 	1274 	1361
1135 	1372 	1374 	1472 	2118 	2119
1148 	1195 	1541
1116 	1419 	1456
1116 	1419 	1457
1418 	1456 	1457 	1598
1453 	1455
1454 	1455
1140 	1319 	1952
1078 	1111 	1123 	1267 	1327
1104 	1461 	2072 	2074 	2081 	2095 	2105 	2108 	2123 	2144
1117 	1234 	1347 	1448 	1460 	2124 	2125
1339 	1436 	1463
1117 	1279 	1462 	1953
1466
1466
1276 	1352 	1464 	1465 	1908
1175 	1183 	1209 	1316 	2138
1173 	1484 	1748 	1954 	2188
1072 	1187
1409 	2112
1109 	1363 	2173 	2188
1268 	1451 	1497 	2128 	2129
1151 	1530 	2131
1142 	1284 	1475 	2042
1474
1125 	1308 	1383
1478
1085 	1229 	1389 	1477 	2050 	2086
1480
1479 	1535
564
564
1239 	1329
1152 	1170 	1173 	1468 	1485 	2157
1403 	1484
1140 	1170 	1173
1173 	1361 	1531
1092 	1204 	1231 	1258
1151 	1276 	1278 	1356 	2120 	2138 	2139 	2179
1098 	1366
1145 	1621 	1760 	1984
1493 	1565 	1710 	1986
1132 	1492
1523 	1537 	1988
1109 	1370 	1919
1090 	1108 	2010
1069 	1472
1069 	1410
1116 	1500 	1877 	1994 	1995
1365 	1499
1161 	1250
1334 	1380 	1999
1083
1091 	1176
1158 	1245 	1321 	1412
1074 	1159 	1334 	1380 	1507 	1512 	1514 	1818 	2202
1244 	1506 	1541
1342 	1876
1510
1082 	1509 	1980
1594 	1891 	2019
1198 	1216 	1506 	1513 	2020
1512 	1736 	2022
1506
1334 	1394 	1818
1366 	1439 	1925 	2027
1162 	1518
1174 	1517
1521
1521 	1588
1195 	1519 	1520
1321 	1415 	1844
1280 	1494 	1979 	2031
1223 	1229 	1525 	1632 	1949
1091 	1166 	1524
1284 	1439 	1926
1320 	2193
1193 	1529 	1694 	1695 	1762 	2126
1528 	1559
1100 	1151 	1356 	1473 	1531 	1533 	1536 	2076 	2173
1134 	1170 	1173 	1487 	1530
1238 	1298 	2158
1530
1135
1286 	1419 	1480
1210 	1530 	2176
1442 	1494
1371
1371
1310 	1340 	1403
1167 	1403 	1452 	1507
1060 	1644 	1938
1115 	1611
1547 	1832
1575 	2040
1553 	1888
1544 	1548 	1595 	1638 	1708 	1733 	1744
1442 	1547
1782 	2110
1622 	1931
1779 	1993
1116 	1369
1071 	1546
1072 	1653 	1670 	1720 	1740 	1839 	1890 	1957 	2142
1561 	1841
1089 	1104
1712 	1846
1335 	1356
1080 	1529
1081 	1781
1555 	1819
1298 	1355 	2158
1689 	1787 	1857
1569 	1950
1492 	1745
1069 	1567 	1568
1566
1566
1272 	1564
1255 	1618
1728 	1881
1685 	1740
1102 	1574 	2053
1573 	2099 	2115
1545 	1685 	1946
1124 	1593
1235 	1631
1645 	1985
1112 	1326 	1657
1326 	1987
1112 	1582
1581 	1764
1691 	1918 	2087
1117 	1599 	1855 	1856 	1951 	2000 	2012
1721 	1745
1272 	1702 	1928
1588 	1867
1520 	1587
1599 	1679 	2000 	2150
1716 	1854
1622 	1930
1701 	2048
1378 	1576
1224 	1511
1547
1960 	2038
1598
1455 	1597 	1686
1584 	1589 	2012
1601 	1922 	2097 	2098
1600 	1838 	1972
2001 	2130 	2151
1115 	1686
1648 	1773 	1823
1132 	1699 	1820 	2043
1645
1674 	1773
1970 	1998
1133 	1725 	2065 	2148
1134
1543 	1760
1613 	1627 	1781
1612 	1847
1654 	1954 	2157
1071 	1659
1834 	2002
1620 	1700
1570 	1902
1140 	1882
1140 	1617 	1700
1491 	1948
1143 	1550 	1591 	1623 	1692
1622 	1662 	2014 	2099 	2115
1087 	1367
1063 	2004
1272 	2003
1612 	1664
1663 	1809
1296 	1348
1090 	1729
1333 	1577
1389 	1524
1813 	1848 	1964
1271 	1331
1667 	1703
1738 	1824
1738
1547 	1930
1911 	2092
1766 	1804
1162
1689 	1804
1699 	2067
1542 	1751 	1909 	2035
1578 	1606
1166 	1864
1224 	1916
1604 	1807
1173 	1752 	1954 	2068
1788 	2015
1795 	1797
1759 	1879
1554 	1742 	1790 	2038 	2039
1614 	1752 	1883
1897
1897
1579
1771 	1786
1615 	1826
1827 	1892
1662 	1820 	1850
1623 	1661 	1722 	2067
1337 	1628
1627 	2163
1862 	1915
1105 	1667
1635 	1666
1808 	1890
1670 	1754
1554 	1669 	1685
1789 	2013
1816
1687 	1897
1607 	1800
1706
1677 	1906
1098 	1333 	1676
1194 	1245
1209 	1589
1734 	1803
1875 	2037
1834 	1929
1778
1158 	1284
1572 	1575 	1670 	1786 	1878 	1915
1598 	1603
1218 	1673 	1688 	1897 	2167
1687
1219 	1563 	1642 	1714 	1857
1691 	1861 	2097
1583 	1690 	1918
1622 	1869
1858 	1907
1528 	1731
1528 	1967
1149 	1826
2031
1776 	1982
1605 	1643 	1776
1617 	1620
1282 	1592
1586 	2003 	2167
1635 	1780 	1841
1724 	1976
1206 	1853
1675 	2007
1829 	2019
1547 	1795
1226 	1797 	1870 	2100
1492 	1830
1896 	1921
1557 	1904
1098 	1843 	2194
1689 	1739
1961 	2111
1590 	1889 	1921
1104 	2136
1955
1359 	1849
1554
1585 	1722 	1930
1662 	1721
1235 	1975
1704 	1795
1242 	1609 	1945 	2080
1242 	1755 	1977
1224 	1778
1082 	1571
1630 	1997
1153 	1913
1098 	1694
2113 	2117 	2130
1547 	2052
1680 	1758 	1802 	2051
1181 	1358
1157 	1513
1738
1636 	1637 	1737
1714 	1785
1554 	1572
1743 	1793 	2025
1653 	1743 	2162
1741 	1742
1547 	1870
1565 	1585
1224
1748 	1904 	2008 	2183
1468 	1747
1157 	1822 	1885
1082
1644
1649 	1654 	2157
1104 	1865
1669 	1790 	1833
1726 	1756 	2080
1755 	2087
1847 	1882 	1909
1734 	1782
1652 	1782
1491 	1611 	1898 	2088
1346 	1999
1255 	1528
1256 	1880
1582
1358 	2042
1640 	1767
1219 	1766
1840
1833 	2032
1158 	1212
1658 	1899
1878 	2052
1604 	1607
1155 	1214
1360 	1950
1268 	1698 	1699 	1869 	1886 	1962
1165 	1849
1683 	1727
1551 	1848
1703 	1947
1560 	1612
1549 	1758 	1759 	2011
1437 	1900
422
1739 	1910
1280 	1658 	1685 	1907 	2041
1563 	1896
1650 	1959
1671 	1816
1653 	1754
1793
1793
1741 	1791 	1792 	2025
1208 	1441 	1796
1651 	1708 	1724 	1796 	1976
1794 	1795
1651 	1709
1255 	1408
1224 	1264
1286 	1674 	1807
1288 	1996
1734 	2001
1291 	1680
1640 	1642
1298 	1299
1847
1300 	1648 	1800 	2163
1668 	1839
1063 	1628
1106 	1237
1438 	1440
1307 	1851
1633 	2011
1309 	1920
2023 	2031
1315 	1672 	1789
1316 	2149 	2150
1506 	1515
1317 	1561
1605 	1661 	2043
1326 	1923
1325 	1749
1604 	1964
1636 	1914
1118 	1120
1659 	1696
1660 	2020 	2046
1418 	2006
1707 	2034
1130 	1710
1338 	1838 	2155
1544 	1930
1754 	1769
1616 	1682
1284
1952
1114 	2049
1601 	1831 	2099
1554 	1808 	1840
1768 	1839
1555 	1703
1347 	2070 	2079 	2122
1713 	1981
1415 	1522 	2156
1190
1557 	1883
1613 	1757 	1806
1633 	1779
1719 	1777
1661 	2118 	2119
1812
1066 	1400
1165 	1705
1590 	1889
1584 	1951 	2000
1584 	1951
1563 	1689
1693 	2023
1353 	1992
1342
1690 	2098
1665 	2039
1127 	1933
1361 	1646
1164 	1753
1206
1359 	1587
1917 	1999
1692 	1776 	2106
1709 	1744
1872 	1873 	2067
1871 	2129
1871 	2128
1142 	1415
1681
1508 	2141
1106 	1499
1685 	1772
1652 	1993
1763
1325 	1571
1619 	1757
1654 	1846 	1954
1439
1749 	1924 	2047
1776
2145 	2157
1546
1716 	1854
1554 	1668
1199 	1511
1200 	1660
1380 	1917 	2030
1895 	1936
1384 	1385 	1894
1711 	1787
1655 	1656 	1673 	1687 	1950
1760 	2088
1771 	1958 	1960
1783 	1901
1066 	1900
1235 	1618
1368 	1990
1712 	1747
1075 	1158
1676 	1941
1693 	1786
1466 	2062
1644 	1757
1785 	1978
1639
1219 	1314
1248 	1730
1098 	1824
1665 	1685
1647
1868 	1893 	1999
1583 	1691
1363 	1495
1416 	1814
1417 	1711 	1716
1600 	2119 	2151
1419 	1821
1424 	1885
1516
1526 	1940
1977 	2080
1272 	1586 	2003 	2177
1360 	1682 	1938
1434 	1591 	1638 	1721 	1832 	2196
1550
1114 	1944
1863 	1934 	1935 	1944 	2116
1289 	1933
1437 	1933
1894 	1937
1936
1542 	1929
1940
1926 	1939 	2027
1906
1081 	1130
1999 	2030
1932 	1933
1725 	2089 	2098 	2114 	2148
1575 	2033
1780
1105 	1621
1186 	1524
1360 	1564 	1775 	1897
1584 	1855 	1856 	2012
1458 	1836
1463 	2056 	2137 	2140 	2143 	2186 	2187
1468 	1614 	1649 	1883
1145 	1718
1120 	1160
1554
1899 	2038
1090 	1788
1596 	1899
1715 	2029 	2117
1776 	1963 	1964 	2029
1419 	1962
1633 	1823 	1962
1966 	2019 	2034
1965
1695
1983 	2126
1067 	1115 	1970
1608 	1969
1155 	1991
1601 	2133
2009 	2010
1430
1368 	1723
1704 	1795
1726 	1927 	2051
1910 	1979 	2175
1523 	1978
1408 	1510
1843
1698 	1986
1408 	1968
1491
1578 	2078 	2161
1492 	1982
1442 	1580
1494
1206
1903 	2026
1971
1257 	1859
1551 	1879 	1994 	1995
1291 	1499 	1993
1242 	1499 	1993
1801 	2049
1337 	1729
1608
1502 	1761 	1868 	1917 	1943 	2026
1584 	1589 	1855
1602 	1802 	2114
1060 	1616
1626 	1702 	1928
1625 	2075
2010
1828
1356 	1706
1747
1973
1496 	1973 	2005
1782 	1813
1584 	1599 	1951
1671
1623 	2127
1165 	1650
1333 	1425
1090 	1351 	2018
2017
1511 	1707 	1965 	2020
1512 	1827 	2019 	2046 	2047
1124 	1378
1513
1815 	1858
2025
1741 	1793 	2024
1990 	1999
1516 	1940
1071 	2060
1961 	1962
1893 	1943
1523 	1697 	1815 	2175
1769 	2033 	2041
1946 	2032
1829 	1965
1060 	1644
1311
1206 	1681
1596 	1653 	1958 	2078
1653 	1862 	2040
1545 	2039
1786 	2032
1474 	1765
1605 	1820
1359 	2045
2044
1827 	2020 	2047
1885 	2020 	2046
1592
1837 	1996
1186 	1478
1734 	1977
1733 	1772
1573 	2196
2089 	2119 	2151
2081 	2107
1953 	2084
2059 	2060
2106
2057
1307 	2028 	2057
1104 	2107
1100 	1908
1147 	2124
1147 	2125
1609 	2097
2140 	2186 	2187
1643 	1662 	1871
1649
1066 	1428
1842 	2101
1095 	2165 	2166
1460 	2073
2072 	2101 	2108
1460 	2101
1186 	2004
1210 	1530
1446 	2191
1985 	2038
1842 	2095
1725 	1755 	1927
1460 	2055
2083 	2085 	2137
2082 	2084 	2094
2056 	2083 	2085
2082 	2084 	2143
1205 	1478
1583 	1756
1760 	1898
1945 	2054 	2129
2134 	2144
1095 	2190
1160 	1639
2142
2083 	2107
1460 	2079
1093 	1386 	2135 	2190
1323 	1600 	1690 	2065
1323 	1600 	1861 	1945
1574 	1623 	1838
1709
2070 	2073 	2074 	2122
2127 	2146 	2155
2145 	2157
1378 	2109
1460 	2107
1869 	2058 	2154
2055 	2061 	2094 	2105
1460 	2073
1096 	2104
1549 	2113
1715 	2163
1470 	2164
1410 	1732 	2110
1945 	2001 	2151
1574 	1623
1933
1732 	1961
1451 	1850 	2151
1451 	1850 	1922 	2054
1278 	1356 	1489
1104 	2137
1842 	2101
1460 	2134
1461 	2063
1461 	2064
1528 	1968
2014 	2102
1472 	1873 	2153
1472 	1872 	2089
1602 	1732 	2153
1473 	2145
2145
1972 	2146 	2154
2090 	2123
1093 	2096
1717 	2156
1953 	2082 	2121 	2140
1309 	1467 	1489
1101 	1309 	1357 	1489
1953 	2066 	2137
1285 	1876
1554 	2093
1953 	2085
1460 	2090
1887 	2103 	2131 	2132
2102 	2133 	2147
2146
1609 	1945
1817 	2150
1589 	1817 	2149
1602 	1922 	2054 	2114 	2118
2162
2128 	2130
2106 	2133
1831 	2102
1321 	1844 	2136
1484 	1614 	1752 	1887 	2103
1298 	1532 	1562
1095 	1386 	2169 	2170
2161 	2162
1985 	2160
1742 	2152 	2160
1664 	1807 	2111
1181 	2112
2071
2071
1687 	1702
2190
2159
2159
2192
2192
1471 	1530
2175
1978 	2031 	2174
1100 	1536
1928 	2178
2177 	2183
1100 	1489
1172 	1345 	2181
2180
1268 	2197
1747 	2178
1164 	1435
1309 	2198
1953 	2066
1953 	2066
1468 	1471
1164 	1352
2091 	2096 	2168
1311 	2077 	2192
1311 	2171 	2172 	2191
1413 	1527
1224 	1713
1117 	1447
1930 	2053
2182
2185
2200 	2204
2199 	2201
2200 	2203
1506 	2204
1277 	2201
2199 	2202
2210 	2211
2382
802 	2213
2244 	2390
2412 	4743
2205 	2212
2205 	2212
2210 	2211 	2213 	2282
395 	2207 	2212
2396 	4897
2357 	2411
2370 	2387
2288 	2345
2346 	2347
2244 	2332 	2373 	2397
2229
2222 	2223 	2232 	2261 	2295 	2376 	2402 	2403 	2405
2221 	2223 	2224 	2229 	2321 	2418
393 	2221 	2222 	2229 	2235 	2383
2222 	2321 	2350
2314 	2404
2228
2230 	2359
2226 	2234
2220 	2222 	2223
2227 	2263
396 	2317 	2347 	2357
2221 	2405
2305 	2361 	2409
2228 	2360
2223 	2262 	2298 	2309 	2312 	2328 	2369 	2383
2238
2238
2236 	2237 	2291 	2368 	2396
2285 	2313
2325 	2366
2242 	4507 	4631
2241 	2249 	2310 	2355
2325 	2335
2208 	2219 	2332
2315 	2421
2308 	2388 	2420
2256 	2386
2249 	2250 	4535 	4536
2242 	2248 	2251 	2252 	2253 	2370 	2412 	4573 	4652
2248
2249
2249
2249 	2311
2281 	2379
2292 	2327
2247 	2303
2282 	2407
2262
2262
2262
2221
2235 	2258 	2259 	2260 	2298 	2364
2230 	2306 	2357
2282 	2286
2306 	4854
2272 	2414
2268 	2269 	2270 	2333 	2381
2267 	2271 	2382 	2416
2267
2267
2268
2266 	2334
2275
2275 	2372 	2407
2273 	2274
2277 	2290 	2389
2276
2320 	2371
2361 	2414
2284
2254 	2282 	2336
389 	2212 	2257 	2264 	2281 	2283 	2284 	2302 	2304 	2372 	2375
396 	420 	2282 	2284
2280 	2282 	2283
2239 	2286 	2331 	2392
2264 	2285
2334 	2387
2217 	2316
2341 	2382
2276 	2292 	2368 	2377
2238 	2315
2255 	2290
2348 	2367
2332 	2382
2221 	2405
2298
2298
2235 	2262 	2296 	2297 	2343 	2369
2300 	2407
2299 	2407
2372
2282 	2354
2256 	2348 	2408
790 	2282 	2354
2233 	2310
2263 	2265
386 	2330
2246 	2388 	2415
2235 	2383 	2388
2242 	2305
2253 	2346
520 	2235 	2364 	4837
2239
2225 	2321 	2359
2245 	2291
2288 	2317
2231 	2316 	2370
2327 	2332
2321 	2366
2278 	2321
2222 	2224 	2314 	2319 	2320 	2322 	2323 	2324 	2393
2321
2321
2321
2240 	2243 	2358 	2406
2329
2255 	2318 	2328 	2329 	2352 	2380 	2420
2235 	2327 	2329 	2383
2326 	2327 	2328
2307 	2405
2285 	2392
2219 	2244 	2294 	2318 	2373 	2389
2267 	2381
2272 	2287
2243 	2349 	2371
2281 	2338 	2367 	2374
2357 	2404
2336
2388 	2419
2363 	2401
2289 	2382
2363 	4035
2298 	2344
69 	2343
2217 	2346
2218 	2311 	2345
2218 	2231
2293 	2303
2335 	2350 	2406
2224 	2349
840 	2364
2327 	2388
2382 	2388
2302 	2304 	2372
2242 	2387 	2411 	4634
2376 	2402
2215 	2231 	2263 	2337
2325 	2371
2227 	2314
2234 	2362
2233 	2279
2360 	2363
2340 	2342 	2362 	2364 	2365
2262 	2312 	2351 	2363
2363 	4859
2240 	2319
2293 	2336
2238 	2290 	2369 	2377 	2389
2235 	2298 	2368
2216 	2249 	2317
2278 	2335 	2358
2274 	2282 	2301 	2354
2219 	2332 	2397
2336 	2375 	2378
2282 	2374
2221 	2356 	2403
2290 	2368
2374 	2379 	2386
2254 	2378
2327 	2388
2267 	2333 	2382
2206 	2268 	2289 	2294 	2341 	2353 	2381 	2383 	2384 	2385 	2395 	2398 	2419
2223 	2235 	2309 	2328 	2382
2382 	2418
2382 	2418
2247 	2378 	2408
2216 	2287 	2355 	4660
2246 	2308 	2309 	2339 	2352 	2353 	2380
2276 	2332 	2368
2208 	2395
2394
2285 	2331 	2393 	2394 	2405
395 	2321 	2392 	2394
2391 	2392 	2393
2382 	2390
2214 	2238 	4849
2219 	2373 	2398 	2399 	2400
2382 	2397
2397
2397
2340
2221 	2356
2221 	2376
2225 	2337
2221 	2232 	2295 	2330 	2392
2325 	2349
2257 	2274 	2299 	2300
2303 	2386
2233 	2410 	4552 	4632 	4649 	4749 	4753
2409
2215 	2355
2209 	2249
752 	2414
753 	2266 	2279 	2413 	4695
2308 	2416
2268 	2415
777 	790
2222 	2384 	2385
2339 	2382
2246 	2327
2245 	2422
2421
4491 	4563
2425
2424 	2459 	2519
490 	2485 	2655
2729 	2730
2489 	2586 	2656
2545 	2617
2595
2432 	2816
2431 	2590
2578 	2661
2436 	2471 	2524 	2588 	2619 	2623 	2624 	2662 	2668 	2698 	2701 	2702
2490 	2638 	2670
2434 	2586 	2672
2439
2439
2437 	2438 	2449 	2529 	2596 	2631 	2633 	2639 	2682 	2683 	2885 	2991
4129 	4148 	4458
2443
2443
2441 	2442 	2521 	2616 	2627
2681 	2685 	2707 	2956 	3094
2604 	2685 	2708
2502 	2559 	3206
1184 	2457 	2793 	2814 	2967
2545 	2597
2439 	2687 	3189
2451 	2576 	2717 	2719 	3043
2450
2551 	2561 	2694
2454
2453 	2560 	2586 	2697
2709 	2838 	3105 	3228
2458 	2617 	2709
2447 	2458 	2793 	2930 	3004 	3011
2456 	2457 	2459 	2487 	2525 	2593 	2617 	2677 	2703
2425 	2458 	2558 	2591 	2593 	2599
2461
2460 	2586 	2590
2463
2462 	2654 	2991
2486 	2543 	2712 	2713
2716 	2717 	2939 	3244 	3279
2717
2717
2527 	2561 	2718
2596 	2639 	2723
2471
2434 	2470 	2966
2493 	2588 	3216
2476 	2477 	2645
2475 	2476 	2477 	2483 	2552 	2559 	2642
2474 	2503 	2519 	2558 	2591
2473 	2474 	3217
2473 	2474 	3218
2810 	2864
2480 	2481 	2555
2479 	2482 	2591
2479
2480
2474 	2559 	3219
2505 	2736 	3090 	3091
2426 	2496 	2548 	2561 	2741 	2743 	2764 	2958
2464 	2528 	2543 	2743
2458 	2617 	2632
2489 	2576 	2989 	3214 	3252
2428 	2488 	2521 	2583 	2586 	3060 	3115
2435 	2495 	2498 	2730 	2948 	3017
2759
2493 	2643 	2646
2472 	2492 	2588 	2627 	3014 	3016 	3224 	3225
2561 	2760 	3017
2490 	2761 	2762 	2763
2485 	2766 	3017
2595 	2767 	2769 	3172
2490 	2513 	2729 	2769
2538 	2544 	3078
2530 	2579 	2775 	2776 	3113 	3271
2502 	2643 	2645
2446 	2501 	2503 	2552 	3016 	3226 	3227
2475 	2502 	2611
2604 	2609 	2782
2484 	2522 	2783 	2785 	3049
2622 	2777 	2802
2508
2507 	2519 	2613
2510 	2511 	2616 	2627
2509
2509
3229
2498 	2795 	3017
2515 	2595
2514 	2595 	2810 	3036 	3231
2517 	2518 	2519
2516
2516
2425 	2475 	2508 	2516 	2558 	2599 	2602
2533 	2595 	3005
2443 	2489 	2559 	2641 	3233
2505 	2601 	2614 	2617 	2806 	2807 	3045 	3047
2611
2434 	2586 	2813
2458 	2617
3234
2468 	2561 	2600 	2789 	2804 	2815
2486 	2543 	2549 	2606 	2612 	2804
2439 	2554 	2874 	2917 	3186
2500 	2531 	2579 	2792 	2916 	2918 	3113 	3181
2530 	2636 	2725 	2726
2557 	2612
2520 	2534 	2542 	2595 	2765 	2821 	2823 	3005 	3112 	3179
2533 	2564 	2659 	2821 	2823 	3017
2536
2535 	2629 	2701
2548 	2841 	3055
2499 	2539 	2544 	2550 	2551 	2554 	2920 	3123 	3124
2538 	2549 	2606
2828
2583 	2828
490 	2533 	2728 	2765 	2834 	2835 	2836 	2952 	2997 	3068 	3112 	3174 	3207
490 	2464 	2486 	2528 	2832 	4219
2499 	2538 	2791 	2843 	2844 	2920 	2923
2429 	2448 	2554 	2592 	2637 	2858 	2860 	2862 	3154
2548
2548
490 	2485 	2537 	2546 	2547 	2847 	2848 	2958 	3055
2528 	2539 	2551 	2855 	2856
2538 	2551 	2561 	2849 	2850 	2853 	2854
2452 	2538 	2549 	2550 	2852
2474 	2502 	3292
2721 	2801 	2809 	2843 	2845 	2870 	2871 	2872 	2874 	2908 	2922 	2971 	2995 	2999 	3096 	3128 	3141 	3149 	3284
2529 	2538 	2545 	2575 	2596 	2608 	2870 	2871 	2872 	3187
2479
2621 	4099 	4317
1131 	2532 	2558
2459 	2475 	2519 	2557
2446 	2474 	2483 	2521 	2627 	3242 	3243
2454 	2604 	2882
2452 	2468 	2485 	2494 	2527 	2550 	2826 	2883 	2900
57 	81 	133 	4129 	4445 	4448 	4461
2620 	2790 	3146 	3147
2534 	2658 	2892
2677 	2817 	2894 	2941
2567
2566 	2593 	2941
2895
2593 	2666 	2895
2896
2898
2593 	2898 	2899
2899
2575 	2692 	2812 	2906 	2936 	2972 	3097 	3281
2554 	2574 	2581 	2592 	2597 	2601 	2733 	2794 	2904 	2905 	2907 	2964 	3154
2450 	2488 	2989 	3043 	3205 	3277
2588 	2641 	3014 	3247 	3248
2433 	2586 	2902
2500 	2530 	2580 	3113
2579
2575
2583
2489 	2541 	2582
2596 	2608 	2908
2586 	2674 	2710 	2717 	2720 	2722 	2880 	2889 	2911 	3095 	3158 	3199 	3215
2428 	2436 	2454 	2461 	2489 	2524 	2578 	2585 	2604 	2911
2588
2434 	2472 	2493 	2577 	2587
3251
2432 	2461 	2912
2459 	2475 	2480
2545 	2575
2458 	2459 	2567 	2569 	2572 	2704 	2909
1308 	2605 	2909
2430 	2497 	2514 	2515 	2520 	2533 	3005 	3157 	3179
2439 	2469 	2554 	2584 	2918 	2927 	2928 	2934
2448 	2575 	2917
2599
2459 	2519 	2598
2527 	2933
2522 	2575 	2936 	2964 	3049
2519
2608 	2943 	3115
2445 	2504 	2560 	2586 	2609 	2953 	2955 	2956
2594 	2606 	2618 	2953
2528 	2539 	2605 	2607 	2612 	2618 	2960
2606 	2608 	2611 	2654 	2733 	2794 	2959 	3188
2554 	2584 	2603 	2607 	2623 	2624 	2651 	2790 	2960 	3060
2504 	2604 	2963
2640
2503 	2523 	2607 	2612 	3288 	3289
2528 	2532 	2606 	2611
2508
2522 	2617 	2970
2616
2443 	2509 	2615 	3266
2429 	2456 	2458 	2487 	2522 	2525 	2614 	2637 	2885 	2886 	2973 	2974
2605 	2606 	2974
2434 	2966 	2976
2563 	2789 	2978
2556 	4172 	4265 	4317
2506 	2638 	2702 	2993
2434 	2608 	2979
2434 	2608 	2980
2627
2627
2443 	2493 	2509 	2559 	2625 	2626
2982 	2990
2536 	2948 	2986 	2987
3272
2439 	2634 	3283
2487 	3204
2439 	3187
2631
2638
2531 	2934
2545 	2617
2435 	2622 	2635
2439 	2469
2610 	2965 	2966
2521 	2577 	3208
2474
2492 	2501 	2644 	3212
2643 	2648 	3236 	3237
2473 	2501 	2647 	2648 	3239 	3240
2492 	2648 	3254
2645 	2649 	3255 	3256 	3257 	3258 	3259 	3260
2644 	2645 	2646 	2649 	3261
2647 	2648 	3273 	3274
3288 	3289
2608 	3114
2760 	2795
3040 	3188
2463 	2607 	3019
2426 	2740 	2766 	2825 	3176 	3178
2428 	2669 	3155
2693 	2908 	2916 	2918 	3077
2564 	2667
2534 	2759
3024 	3201
2433
2434 	2668 	2684 	2705 	2813 	2819 	2837 	2944 	2959 	2969 	3104 	3200
2668
2799
2799
2569 	2788
2658
2434 	2662 	2663
2656
2435 	2795 	3005 	3008 	3221
2780 	2796 	3001 	3004 	3026 	3143
2436 	2673 	2674
2672
2585 	2672 	2710 	2890 	3215
2914
2677
2458 	2565 	2676
2714 	2942
2680
490 	2679 	2984
2444
2439
2439
2662 	2813
2444 	2445 	2686
2685 	2778 	3003
2449 	2758 	2846 	2936 	3050 	3098 	3099
3090
3091
2691
2690 	2837 	2891 	2942
2574 	2936 	2972 	3145 	3180 	3262
2657 	2908 	3077 	3171 	3286
2452 	2921 	3021 	3022 	3029
2979
2703 	2787
2454 	2881 	3093 	3133 	3134 	3190 	3270
2434 	2699
2698
2709 	3268
2434 	2536
2434 	2622 	3067
2458 	2696 	2745 	2787 	3012
2593 	2896 	3103
2662
2810 	2840
2444
2445
2455 	2456 	2700
2585 	2674 	3199 	3215
2957 	3210 	3220 	3263
2464
2464
2678 	2942
2811 	2971 	2978 	3057
2465 	3244 	3279
2450 	2465 	2466 	2467 	2585 	2719 	2720 	3158 	4022 	4023
2468
2450 	2717
2585 	2717
2553 	2723
2585 	2757 	2880 	2889 	2973
2469 	2721 	2846
2755 	2756 	2779 	2838 	2839 	2857 	3105
2531 	2726 	3061
2531 	2725 	3061
2781 	3009 	3287
2542 	2952 	3062 	3207 	3265
2427 	2498 	2731
2427 	2490 	2732
2729
2730
2575 	2607 	3064
2738
2827
2484 	2737 	2738 	2806 	3010
2736 	2738 	2779 	3193
2734 	2736 	2737
2740 	2741
2655 	2739 	2760 	2766 	2883 	2932 	3041 	3042
2485 	2739 	2742
2741
2485 	2486 	2744
2743
2703 	3012
3081
3082
3083
3084
3085
3086
3087
3088
3089
2724
2724 	2857
2722 	2889
2687 	3099
2491 	2659
2494 	2652 	2740 	2795 	2840 	2878 	2883 	3041
2495
2495
2495
2485 	2765 	3017
2533 	2542 	2764 	3112
2496 	2655 	2740 	3100
2497 	2768
2767
2497 	2498 	2770
2769
2772 	2780 	2781
2771
3002
2981 	3003
2500
2500
2506
2686 	2842
2724 	2737 	2838 	2839 	2857
2671 	2771 	2781 	3004 	3011
2727 	2771 	2780 	2967 	2968 	3001 	3009
2504
2505 	2784 	2785 	3076
2783 	2785
2505 	2783 	2784
2787
2696 	2703 	2786 	2977 	3267
2666
2527 	2620
2563 	2608
2544 	2792 	2923
2530 	2791 	2916 	3286
2447 	2457 	3012
2575 	2607 	3108
2513 	2652 	2670 	2760
2671 	2839 	3026 	3110 	3152
2798 	2800 	3175
2797 	2800 	2820 	2997 	3150 	3211 	3222 	3253
490 	2664 	2665 	2800 	2946 	2947
2797 	2798 	2799 	2820 	2997 	3150 	3151 	3211 	3222 	3253
2553 	2922 	2995 	3284
2506
2982
2527 	2528 	2805
2804
2522 	2736 	3010 	3238
2522 	3168
2842
2553 	2843
2478 	2515 	2706 	2840 	2864 	2986 	3036
2715 	2971
2574
2524 	2662 	2684 	2903 	2976 	3079 	3116
2447 	2967 	2977 	2983 	3012
2527 	2878 	3106 	3142 	3198
2431
2565 	2818
2817
2662 	2837 	2866 	2944 	2959 	3131 	3200
2798 	2800 	2825 	2865 	2952
2533 	2534 	2822
2821
2533 	2534 	2824
2823
2655 	2820 	2865 	2952 	3177 	3178
2561 	3017
2735 	2828
2540 	2541 	2827
2834
2835
2836
490 	2543 	2833
2832
490 	2542 	2829
490 	2542 	2830
490 	2542 	2831
2662 	2691 	2819 	2944 	2969 	3104 	3131
2455 	2724 	2779 	2839 	2857 	3228
2724 	2779 	2796 	2838 	3152 	3250
2706 	2760 	2810 	2878 	2883 	3025
2537 	2932 	2935
2778 	2808 	2940 	2981 	3195
2544 	2553 	2809 	2908 	3096
2544
2553 	2971
2687 	2723 	2858 	2860 	2862 	2936 	3018 	3173 	3213
2548 	2932
2548
2550 	2851
2550 	2851
2849 	2850 	2852 	2914 	2937 	3038 	3126 	3130 	3156 	3276
2551 	2851 	3126 	3130 	3156 	3275 	3276 	3278
2550
2550
2549
2549
2724 	2756 	2779 	2838 	3080
2545 	2846 	2859
2858
2545 	2846 	2861
2860
2545 	2846 	2863
2862
2478 	2810 	3028 	3120 	3122
2820 	2825 	2952
2819 	2959
2976
3135
3136
2553 	2554 	2876
2553 	2554 	2877
2553 	2554 	2873
2872
2529 	2553 	2875 	2917 	3186
2874
2870
2871
2760 	2815 	2840 	2883 	2986 	3153 	3198
2881 	3111 	3117
2585 	2722 	2882 	2889 	2998 	3095 	3197 	3230
2697 	2879 	2882 	3111 	3117 	3190
2560 	2880 	2881
2561 	2740 	2760 	2840 	2878 	2900 	2986 	3041 	3153
3058 	3146 	3147
2439 	2617 	2887
2617 	2888 	3189
2885
2886
2585 	2722 	2757 	2880
2674
2691 	2942
2564
2894 	2996 	3000 	3245
2565 	2893
2568 	2569
2570 	2704 	2897
2896 	3023
2571 	2572
2572 	2573
2561 	2883 	2901
2900
2578
2813 	2976
2575
2575
2574
2575
2553 	2584 	2657 	2693 	2843 	2918 	3096
2593 	2594 	2910
2909
2585 	2586
2590
2923
2675 	2851 	3038 	3156 	3276 	3280
2965 	3138
2530 	2657 	2792 	2918 	2926
2529 	2597 	2874 	3186
2530 	2596 	2657 	2908 	2916 	2926 	2927 	2928 	3181
3167
2538 	2544
2694
2553 	2801 	3051
2544 	2791 	2913
2925 	2937 	2938
2924
2916 	2918 	2929
2596 	2918 	3163
2596 	2918 	3164
2926
2457
3047
2740 	2841 	2847 	2935 	3020 	3041 	3042 	3174
2600
2596 	2636
2841 	2932
2574 	2601 	2687 	2692 	2846 	2972 	3033 	3034 	3173 	3241
2851 	2924 	2938 	3156
2924 	2937 	2994 	3140
2465 	3169 	3223 	4024
2842
2565 	2567 	3170
2678 	2691 	2714 	2891
2603 	2980
2662 	2819 	2837 	2945 	3131 	3200
2944
2799
2799
2490 	2629
490 	2950
2949
2997
2542 	2728 	2820 	2825 	2865 	3035 	3265
2604 	2605 	2954
2953
2604 	2956 	2957
2444 	2604 	2955 	3094
2711 	2955 	3263
2485 	2548
2607 	2662 	2819 	2866 	3063 	3109 	3121 	3148 	3161
2606 	2608 	2961
2960
2963
2609 	2962
2575 	2601 	3066
2640 	2915
2471 	2619 	2640
2447 	2781 	2814 	2968 	3011
2781 	2967
2662 	2837 	3104
2614 	3132
2553 	2715 	2811 	2845 	2978
2574 	2692 	2936
2617 	2722 	3052
2617 	2618 	2975
2974
2619 	2813 	2867 	2903
2787 	2814 	2983 	3203 	3267
2620 	2715 	2971 	3191 	3192
2623 	2695 	3054
2624 	2943
2774 	2842 	3003
2628 	2803
2814 	2977 	3232 	3235
2680 	2985 	2990
2984
2629 	2810 	2878 	2883 	3107 	3153
2629 	3122
2990
2488 	2576
2628 	2984 	2988
2439 	2463 	3196
3197
2622 	3118 	3119
2938
2553 	2801
2893 	3245
2542 	2798 	2800 	2951 	3211
2880 	3197 	3230
2553
2893
2671 	2781 	3002 	3143
2773 	3001
2686 	2774 	2981
2457 	2671 	2780 	3125
2520 	2533 	2595 	2670 	3008 	3056 	3157 	3221
3007
3006 	3247
2670 	3005 	3209 	3221 	3269
2727 	2781 	3165 	3264
2736 	2806 	3238
2457 	2780 	2967
2703 	2745 	2793 	2814
3014
2493 	2577 	3013
3016
2493 	2502 	3015
2490 	2494 	2496 	2513 	2534 	2764 	2826
2846 	3173 	3213
2654
2932 	3174
2694
2694
2897
2660 	3071
2840
2671 	2796
3048 	3049
2864 	3122
2694
3128 	3129 	3284
3101
3102
2936 	3034
2936 	3033
2952
2515 	2810
3041
2851 	2914 	3276
3105
2653
2740 	2760 	2883 	2932 	3037 	3042
2740 	2932 	3041
2450 	2576
3045 	3075 	3137
2522 	3044
3047 	3073 	3135
2522 	2931 	3046
3027
2505 	2601 	3027
2687 	3098
2922
2973
3197
2979
2537 	2548
3005
2715
2884
3128 	3129
2489 	2608
2725 	2726
2728
2959 	3109 	3148
2733
3159 	3186 	3202
2964
2702
2542
3070 	3084 	3167
3069 	3073 	3089
3024 	3086 	3137 	3201
3073 	3081 	3166
3046 	3070 	3072
3075 	3083 	3085
3044 	3074 	3088
2783
2657 	2693
2499
2813 	3116
2857
2746 	3072
2747 	3101
2748 	3074
2749 	3069
2750 	3074
2751 	3071
2752 	3102
2753 	3075
2754 	3070
2484 	2688 	3101
2484 	2689 	3102
3127 	3128
2697
2444 	2956
2585 	2880
2553 	2843 	2908
2574 	3281
2687 	3050
2687 	2758
2766
3031 	3082 	3090
3032 	3087 	3091
2704
2662 	2837 	2969
2455 	2724 	3039
2815
2986
2794
2959 	3063 	3148
2796
2879 	2881 	3117
2533 	2542 	2765
2500 	2530 	2579
2651
2489 	2603
2813 	3079
2879 	2881 	3111 	3144 	3246
2993 	3119
2993 	3118
2864
2959 	3161
2864 	2987 	3028 	3249
2538 	3128
2538 	3128
3004
2851 	2852 	3130
3092 	3128 	3129
2553 	3030 	3059 	3092 	3123 	3124 	3127 	3129 	3149 	3284
3030 	3059 	3127 	3128 	3284
2851 	2852 	3126
2819 	2837 	2944
2970
2697 	3134 	3270
2697 	3133 	3270
2868 	3046
2869 	3137
3044 	3071 	3136
2915
3156
2938
2553 	3284
2815
2671 	3001
3117 	3246
2692 	3180
2563 	2884
2563 	2884
2959 	3063 	3109
2553 	3128
2798 	2800
2800
2796 	2839 	3250
2878 	2883 	2986
2545 	2575
2656
2851 	2852 	2914 	2937 	3139
2595 	3005
2585 	2717
3065 	3186 	3202
3174
2959 	3121
3197
2927
2928
3009
3072
2919 	3069
2807
2939
2941
2693 	3286
2497
2846 	2936 	3018 	3213
2542 	2932 	3020 	3160 	3194
2797
2655
2825
2655 	2825
2533 	2595
2692 	3145
2530 	2918
3189
3188
3187
3186
2529 	2874 	2917 	3065 	3159 	3185 	3202
2554 	2633 	3184
2607 	2653 	3183 	3283
2449 	2886 	3182
2697 	2881
2978
2978
2737
3174
2842
2991
2880 	2992 	2998 	3053 	3162 	3230
2815 	2878
2585 	2710
2662 	2819 	2944
2660 	3071
3065 	3159 	3186
2977
2632
2576 	3277
2446
2542 	2728
2641
3008 	3269
2711
2798 	2800 	2997
2643
2846 	3018 	3173
2488 	3252
2585 	2674 	2710
2472
2476 	3218
2477 	3217
2483 	3272
2711
2670 	3005 	3008
2798 	2800
2939
2493
2493
2502
2502
2455 	2838
2512 	3266
2880 	2998 	3197
2515
2983 	3235
2521
2526 	3251 	3266
2983 	3232
2644
2644
2806 	3010
2645
2645
2936
2559
2559
2465 	2716 	3279
2893 	2996
3117 	3144
2577 	3007
2577
3122
2839 	3152
2589 	3234 	3266
2488 	3214
2798 	2800
2646
2647
2647
2647
2647
2647
2647
2648
2692
2711 	2957
3009
2728 	2952
2616 	3229 	3234 	3251
2787 	2977
2700
3008 	3209
2697 	3133 	3134
2500
2630 	3219
2649
2649
2852 	3276
2851 	2852 	2914 	3038 	3275
2576 	3205
2852
2465 	2716 	3244
2914
2574 	3097 	3282
3281
2631 	3188
2553 	2801 	3030 	3128 	3129 	3141
3286
2693 	2792 	3171 	3285
2727
2611 	2650 	3290
2611 	2650 	3291
3288
3289
2552
3411 	3488 	3593
3295 	3334 	3388 	3552
3294 	3314 	4861
3297 	3325 	3433 	3506 	3568
3296 	3310 	3326 	3333
3299 	3538
3298 	3314 	3329 	3440 	3441 	3558
3446
3446 	3622 	3708
3450 	3631 	3672
3468
3468
3468
3467
3344 	3420 	3469 	3470 	3540 	3627 	3652
3474 	3580 	3596 	3654 	3692
3310 	3464 	3465 	3645
3297 	3309 	3333 	3357 	3460 	3477 	3478 	3484
3312 	3455
3311 	3321 	3333 	3336 	3351 	3359 	3484 	3593 	3632 	3697
3314 	3693
3295 	3299 	3313 	3435
3355 	3610 	3625 	3656
3317 	3366 	3483 	3536 	3557 	3620
3316 	3336 	3352 	3392 	3393 	3421 	3724
3473 	4864
3418 	3497 	3573 	3574 	3677
3360 	3542 	3546 	3547 	3607
3312 	3328 	3471 	3632 	3698
3323 	3454 	3668 	4830
3322 	3331 	3345
3342 	3564
3296 	3572
3297 	3576
3328 	3713 	3740
3321 	3327 	3561 	3742
3299 	3365 	3466 	3472 	3498 	3558 	3582 	3586 	3587
3331 	3580 	3581 	3705
3323 	3330 	3435 	3697 	4603 	4831
3333 	3616 	3722
3297 	3310 	3312 	3332 	4876
3294 	3629 	4759
3336
3312 	3317 	3335 	3351 	4655
3349 	3429 	3628 	3672 	4865
3634
3643
3342
3342 	3529 	4875
3324 	3340 	3341 	3413 	4876
3573 	3574 	3583 	3638 	3639 	3647 	3648 	3659
3307 	3472 	3647 	3648
3323 	3403 	3622 	4888
3360 	3709
3348 	3349 	3402 	3661 	3678 	3729
3347 	4883
3337 	3347 	3663
3673 	3674 	3688 	3700 	3701
3312 	3336 	3561 	3598 	3671 	3673 	3674 	3689 	3702
3317 	3361 	3362 	3365 	3612 	3652 	4582
3423 	3486 	3563 	3655
3355
3315 	3354 	3432 	3437 	3569 	3601 	3638 	3714 	3715 	3716
3357 	3590 	3683 	3722 	3723
3310 	3356
3359 	3395 	3725 	3726 	3727
3312 	3358 	3466 	3725
3320 	3346 	3361 	3730 	4677
3352 	3360 	4678
3352 	4476
3475 	4509
3579 	4570
3329 	3352 	3716
3316
3368
3367 	3369 	3370
3368 	4875
3368 	3523
3516 	3567 	3608 	3621
4878
3431
3431
3431
3432
3480
3379 	3380 	4478
3378
3378
4850
3740
3562
3591
4850
3445
4878
3294
3580
3690
3694
3317
3317
3709
3358
3656
3656
3625
3565 	3675
3401 	3534 	3609
3400 	3402 	3554 	3686
3347 	3401
3345 	3747 	3748
3456 	3682
3658
3410
3410
3411
3411
3406 	3407 	3411 	3666 	3677 	3712
3293 	3408 	3409 	3410 	3517 	3519 	3676
3468 	3626
3342 	3684
3502 	3551
3468 	3659
3417 	3430 	3431
3416 	3431
3319 	3565 	3676
3627
3307 	3532
3317 	3671
3528 	3553
3353 	3425 	3426
3426
3423
3423 	3424 	3600 	3733
3608 	3623
3429
3337 	3428 	3619
3416
3373 	3374 	3375 	3416 	3417 	3610 	3695
3355 	3376 	3695
3296 	3657
3529 	3564
3314 	3331
3485 	3567
3355 	3665
3527 	3588
3590
3299
3299
3444 	3614
3740
3442
3386 	3447 	3448 	3737
3300 	3301 	3737
3445
3445
3545 	3710
3302
3615
3497
3454 	3646
3322 	3453 	4845
3311 	3621
3404 	3457 	3458 	3663
3456
3456
3465
3310
3462
3461 	3463 	3465
3462 	3464
3309 	3463
3309 	3459 	3462
3329 	3359
3306 	3468 	3502 	3503 	3527 	3620
3303 	3304 	3305 	3412 	3415 	3467 	3469 	3470 	3479 	3526 	3591 	3592 	3613 	3614
3307 	3468
3307 	3468
3321 	3598
3329 	3344
3318 	3544
3308
3363
3710
3310
3310
3468
3377 	3481 	3699
3480
3536
3316 	3739
3310 	3312 	3485 	3684
3436 	3484 	3486 	3567
3353 	3485 	3487 	3560 	3733
3486 	3679
3293 	3498
3545 	3737
3491
3490 	3675 	3727
3650
3496 	3499 	3500
3499 	3501 	3734
3500 	3501 	3735
3493
3319 	3452 	3499 	3500 	3501 	3525 	3626
3329 	3488 	3515 	3627
3493 	3494 	3497
3493 	3495 	3497
3494 	3495 	3497
3414 	3467
3467 	3550
3696 	3732
3506
3296 	3505 	3616
3510
3513
3511
3507 	3512
3509 	3512 	3513 	3563 	3738
3510 	3511 	3560 	3564
3508 	3511
3550 	3551 	3700 	3701
3498 	3742
3371
3411 	3520 	3584
3666
3411
3517
3557
3571 	3739
3370 	3623
3525
3497 	3524 	3637
3468 	3665
3438 	3467
3422
3341 	3434
3531 	3703
3530
3420 	3670
3706
3400
3717
3316 	3482 	3703
3538 	3746
3298 	3537 	3741
3654
3307 	3724
3604 	3653 	3667
3320 	3562 	3717
4862
3473 	3556
3449 	3489 	3617 	3618
3320
3320
3612
3706
3503 	3514
3414 	3514
3294 	3692
1 	3422 	3675
3401 	3651
3605 	3609
3544 	3708
3316 	3521
3299 	3329
3579
3486 	3512
3328 	3351
3383 	3542 	3744
3353 	3511 	3564
3324 	3434 	3512 	3563 	3655
3399 	3418 	3675
3719
3371 	3436 	3485
3296 	3577 	3731
3355 	3588
3601
3522 	3601
3325 	3589 	3657
3319 	3343
3319 	3343
3589
3326 	3577 	3578 	3718 	3731
3568 	3576
3576
3364 	3559
3308 	3330 	3389
3330 	3654
3329 	3612
2 	3343 	3625
3517 	3585
3584 	3726
1 	3329
1 	3329
3438 	3569
3572 	3575
3356 	3439 	3624
3384 	3468 	3615
3468 	3662
3293 	3312
3726
3727
3308 	3597
3596 	3693
3351 	3471
3628 	3719
3426 	3738
3355 	3570 	3571
3719
3605 	3660
3541 	3611
3555 	3603 	3606
3605
3320 	3709 	3736
3371 	3427
3400 	3555 	3661
3315 	3431
3604 	3669
3352 	3548 	3582
3468 	3662
3442 	3468
3451 	3591
3332 	3506
3545
3545 	3649
3429 	3705
3316 	3467
3371 	3455 	3732
3301 	3345
3427 	3523
3590
3315 	3398 	3583
3412 	3497
3307 	3419 	3498
3337 	3599
3334 	3741
3631
3302 	3630 	3722
3312 	3321
3683 	3722
3338 	3635
3634 	3721
3637
1 	3525 	3636
3343 	3355
3343 	3656
3641
3640 	3678
4885
3339 	4628
3645
3309 	3644 	3722
3453
3343 	3344
3343 	3344
3618 	3669 	4885
3492 	3651
3554 	3650 	3663
3307 	3352
3541
3308 	3539 	3581
3353 	3564
3315 	3396 	3397 	3639
3433 	3572
3405 	3686
3343 	3415
3603
3347 	3609 	3682 	3743
3592 	3613
3349 	3456 	3651
3726
3437 	3526
3410 	3518
3541 	3745
3322 	3745
3611 	3649
3532 	3702
3351 	3421
3302 	3337
3350 	3351
3350 	3351
3399 	3491 	3553 	3565 	3699
3411 	3418
3319 	3410
3347 	3641
3487 	3680 	3681
3679
3679
3404 	3661
3356 	3633 	3685 	3722
3413 	3484
3683 	3723
3401 	3658
3728
3350
3351 	3698
3390 	3691
3690 	3692
3308 	3552 	3691
3313 	3597
3391 	3695
3431 	3432 	3694
3504 	3697
3312 	3331 	3696
3321 	3689
3480 	3675
3350 	3514
3350 	3514
3351 	3670
3530 	3536
3705
3330 	3619 	3704
3533 	3549 	3707
3706 	3708
3301 	3556 	3707
3346 	3394 	3607
3449 	3476
3712 	3713
3410 	3711
3327 	3711
3355
3355
3355 	3365
3535 	3542
3576
3566 	3599 	3602
3737
3635 	3722
3332 	3356 	3631 	3633 	3645 	3683 	3721
3356 	3685
3317 	3540
3358 	3359
3358 	3585 	3594 	3664
3358 	3491 	3595
3687 	3729
3347 	3728
3360
3568 	3576
3504 	3621
3426 	3486
3494
3495
3607
3445 	3446 	3489 	3720
3511 	3600
3483 	3522
3327 	3382 	3443
3538 	3629
3328 	3515
3661
3562
3667 	3668
3537
3403 	3748
3403 	3747
3778 	3932
3762 	3767 	3793
3762 	3793
3773 	3804 	3936
3754 	3755 	3774
3753 	3784
3753 	3778
3757
3756 	3792 	3930 	3931
3759 	3792 	3883
3758
3761
3760 	3784 	3788
3750 	3751 	3764 	3788 	3926 	3932 	3935
3765 	3766 	3789 	3946 	4199
3762
3763
3763 	3801 	3838 	3938
3750 	3838
3838 	3943
483 	692 	3770
113 	3769 	3782
3772 	3783 	3825 	3847
3771
3752 	3795
3753 	3797 	3863
3776 	3777 	3792 	3809 	3921 	3922
3775 	3797
3775 	3797
3749 	3755 	3943
3781 	3816 	3851 	3855 	3871 	3893
3781 	3790
726 	3779 	3780 	3785 	3798 	3801 	3870
3770 	3870
3771 	3784 	3785 	3836 	3841 	3842 	3868 	3879
3754 	3761 	3783 	3785 	3797
3781 	3783 	3784 	3787 	3798 	3905 	4199
3787 	3857 	3886 	3891 	3896
3785 	3786 	3789
3761 	3762 	3895 	3935
3763 	3787 	3895
3780 	3937
3792
3757 	3758 	3775 	3791 	3822 	3922
3750 	3751 	3794 	3904
3793 	3795
3773 	3794 	3802
3797 	3799 	3854 	3876 	3877 	3887 	3916 	3934
3774 	3776 	3777 	3784 	3796 	3800 	3937
3781 	3785 	3939 	3940 	3941
3796
3797
3766 	3781 	3918
3795 	3803 	3804 	3928 	3936 	3944
3802 	3938 	4199
3752 	3802 	3928
3863 	3864
3807 	3838
3806 	3844 	3901
3875 	3894
3775 	3857 	3921 	3930 	3945
3811 	3821
3810 	3831 	3864
3813 	3843 	3898
3812 	3838
3831 	3908
3819 	3821 	3849
3779 	3817
3816 	3889 	3890
3880
3815
3896
3810 	3815
3792 	3823 	3881
3822 	3893 	3912 	3913
3825 	3842
3771 	3824 	3903
3863 	3908 	3918
3828 	3856 	3944
3827
3830 	3837 	3895 	3900
3829 	3832 	3895
3811 	3814 	3849
3830 	3833
3832 	3919
3835 	3850 	3855 	3863 	3879
3834
3783 	3907 	3918
3829 	3895
3766 	3767 	3768 	3806 	3813 	3839 	3840 	3844 	3862 	3906
3838 	3923
3838 	3843
3783
3783 	3824
3812 	3840 	3844
3807 	3838 	3843
3872 	3873
3847
3771 	3846 	3859
3895 	3920 	3927
3815 	3831
3834 	3851
3779 	3850 	3863
3853
3852 	3856 	3861
3796 	3888
3779 	3834 	3912
3827 	3853
3786 	3809
3859
3847 	3858 	3868
3902 	3903
3853 	3914
3838 	3901
3774 	3805 	3826 	3834 	3851 	3864 	3907
3805 	3811 	3863
3866 	3904
3865 	3904 	3906
3872 	3895
3783 	3859
3870
3781 	3782 	3869
3779 	3915 	3916
3845 	3867 	3895 	3911
3845 	3874 	3929
3873 	3895 	3903
3808 	3878 	3892
3796 	3877
3796 	3876 	3916
3875 	3904
3783 	3834
3818 	3925
3822 	3882 	3916
3881 	3917
3758 	3910
3885 	3904
3884 	3904 	3914
3786
3796 	3888 	3890
3854 	3887 	3909
3817
3817 	3887 	3909
3786 	3902
3875 	3938
3779 	3823 	3915
3808 	3904
3788 	3789 	3829 	3830 	3837 	3848 	3867 	3872 	3874 	3900 	3919 	3920 	3927
3786 	3820
3898 	3923 	3933
3812 	3897 	3918
3900
3829 	3895 	3899
3807 	3862 	3925
3860 	3891 	3903
3825 	3860 	3874 	3902 	3927
3793 	3865 	3866 	3878 	3884 	3885 	3894 	3905
3785 	3904 	4199
3838 	3866
3836 	3863
3814 	3826 	3925
3888 	3890
3883 	3917
3872 	3918
3823 	3855
3823 	3922
3861 	3885
3871 	3893
3796 	3871 	3877 	3881 	3917
3882 	3910 	3916
3801 	3826 	3836 	3898 	3911 	3933
3833 	3895
3848 	3895
3775 	3809
3775 	3792 	3913
3839 	3897 	3924
3923
3880 	3901 	3908
3762
3848 	3895 	3903
3802 	3804
3873
3757 	3809 	3931
3757 	3930
3749 	3762
3897 	3918
3796
3762 	3788
3752 	3802
3790 	3797
3766 	3803 	3892
3798
3798
3798
3943
3768 	3778 	3942
3802 	3827
3809
3763
3973
3956 	3978 	4012
3950 	3998
3949 	3975
3975 	3980
4040
3983 	4000
3966 	3995 	4062 	4064
3969 	4055 	4056
3948 	3957 	3963
3956 	3965 	3979 	3989 	4008 	4031
3959 	3999 	4016
3958 	3979 	3997 	4008 	4011
3962 	4023 	4034
3962 	4045
3960 	3961 	4004 	4047
3956 	3999
3965
3957 	3964 	4002
3954 	3985 	4041 	4063 	4064
3969
3969
3955 	3967 	3968 	3971
3971 	3972
3969 	3970 	4029 	4072
3970 	3992 	4005
3947 	3984 	3995
4078
3950 	3951 	3994
3979
3979
3948 	3979
3957 	3959 	3976 	3977 	3978 	3980 	4020 	4027
3951 	3979
3983 	4038
518 	4035 	4067
3953 	3981 	4000
3973 	3985
3966 	3984 	3986 	3987
3985 	4078
426 	3985
4006 	4048
3957
3991 	4025
3990 	4003
3972 	4012 	4013 	4021
4033
3975 	4068
3954 	3973 	4065
3997 	4016
3959 	3996
3949 	4050
3958 	3963
3953 	3983 	4001 	4020 	4029
4000 	4030
3965 	4020 	4047
3991 	4034
3962 	4036
3972 	4028
3988 	4007
4006 	4049 	4056
3957 	3959
4018 	4037 	4046 	4079
4036 	4047
3959 	4017
3948 	3992 	4028
3992
4029 	4038
4025 	4033 	4058
3958 	3996
4011
4009 	4037
4020
3979 	4000 	4002 	4019
3992
2717 	4034
2717 	3960
2939 	4026
3990 	4015
4024 	4033
3979
4005 	4012 	4029
3971 	4000 	4014 	4028 	4031 	4032 	4080
4001 	4031 	4039 	4041
3957 	4029 	4030
4029
3993 	4015 	4026 	4034
3960 	4003 	4022 	4033 	4057
2342 	3982
4004 	4010 	4038 	4039 	4080
4009 	4018 	4038
3981 	4014 	4036 	4037 	4080
4030 	4036
3952 	4041 	4049
3966 	4030 	4040 	4042 	4043 	4066
4041
4041
4045
3961 	4044 	4046
4009 	4045
3962 	4002 	4010 	4080
3988 	4049
4007 	4040 	4048
3998 	4053
4052 	4053
4051 	4069 	4070
4050 	4051
4055
3955 	4054
3955 	4007
4034 	4058
4015 	4057
4060 	4061
4059 	4063 	4065 	4071
4059 	4062
3954 	4061
3966 	4060
3954 	3966
3995 	4060 	4066
4041 	4065
3982 	4068
3994 	4067
4052 	4105
4052 	4105
4060
3971 	4073
4072 	4074 	4075 	4076
4073
4073
4073
4078
3974 	3986 	4077
4009 	4080
4029 	4036 	4038 	4047 	4079
4086
4084
4084
4082 	4083 	4086 	4090 	4099
4086
4081 	4084 	4085 	4090 	4162
4166 	4172 	4218 	4267
4089 	4299
4088 	4187 	4188
4084 	4086 	4121 	4160 	4217
4092
4091 	4116 	4189 	4208
4102 	4285
4152 	4279
4105
4106
4136 	4200 	4222 	4245 	4246
4147 	4281 	4282 	4283
2556 	4084 	4110 	4172
4101 	4241 	4244 	4260
4100 	4206 	4227 	4317
4093 	4151 	4305 	4306
4104 	4152 	4225
4103
4069 	4070 	4095 	4106
4096 	4105 	4107 	4109 	4144 	4147
4106 	4184
4109
4106 	4108
4099 	4121 	4138 	4156 	4243
481 	4112 	4173 	4201 	4221 	4268
129 	4111 	4213
475 	4114
4113 	4148 	4149 	4320
4172 	4187 	4211
4092
4118 	4239 	4240
4117 	4124 	4154 	4159
4120 	4163 	4285 	4458
108 	522 	4119 	4164 	4179
4090 	4110 	4143 	4150 	4202
4124
4124
4118 	4122 	4123
4128
4128
4128 	4252
4125 	4126 	4127 	4186 	4201 	4221 	4317
2440 	2562 	4323 	4324
4131
4130 	4196
4133 	4156
4132 	4211
4135 	4138 	4158
4134
4097 	4222
4138 	4157 	4238 	4259
4110 	4134 	4137 	4154 	4162 	4224
4151 	4175
4143
4143
4143
4121 	4140 	4141 	4142
4106 	4146
526 	4146
4144 	4145
4098 	4106 	4151 	4171 	4204
2440 	4114 	4325
4114 	4173 	4326
4121 	4202
4102 	4139 	4147 	4152 	4209 	4212 	4215
4094 	4103 	4151 	4163 	4165
4154 	4253
4118 	4138 	4153 	4156 	4159 	4193
4156 	4242 	4249 	4258
4110 	4132 	4154 	4155 	4194
4137 	4223 	4228 	4229 	4233
4134 	4162 	4230 	4231 	4232
4118 	4154
4090 	4206 	4217 	4269
4162 	4251
4086 	4138 	4158 	4161 	4172 	4193
4119 	4152 	4164 	4216
570 	4120 	4163 	4174 	4179 	4207 	4219
4152 	4288 	4289
4087 	4181 	4188 	4208 	4214
4168 	4169 	4196
4167
4167
4171
4147 	4170 	4204
2621 	4087 	4099 	4115 	4162 	4193 	4194 	4218
474 	4111 	4149
4164 	4207 	4317
4139 	4176 	4280
4175
4179
4179
842 	4120 	4164 	4177 	4178
4182 	4187 	4196 	4290
4166 	4210 	4295 	4296 	4297 	4298
4180 	4183 	4226
4182
4107 	4185
4184
4128 	4300 	4317
4089 	4115 	4180 	4188 	4196 	4203 	4211 	4218
4089 	4166 	4187 	4284
4092 	4214
4193
4193
4193
4154 	4162 	4172 	4190 	4191 	4192 	4234
4156 	4172 	4218
4196 	4254 	4257 	4266
4131 	4167 	4180 	4187 	4195
4199
4199
3763 	3785 	3803 	3905 	4197 	4198 	4202 	4206 	4227
4097
4111 	4128 	4221
4121 	4150 	4199 	4304
4187 	4235 	4236 	4256 	4261 	4262
4147 	4171 	4286 	4287
4218
4101 	4160 	4199 	4207 	4217
4164 	4174 	4206 	4213
4092 	4166
4151 	4308 	4309 	4310 	4311 	4312
4181 	4313 	4314 	4315 	4316
564 	4115 	4133 	4187
4151 	4305
4112 	4207
4166 	4189 	4264
4151 	4216
4163 	4215
4090 	4160 	4206
4087 	4172 	4187 	4194 	4205 	4219 	4301
2543 	4164 	4218
4221
4111 	4128 	4201 	4220 	4222 	4317
4097 	4136 	4221
4157
4138 	4270 	4271 	4272 	4273 	4274 	4275
4103
4182
4101 	4199
4157
4157
4158
4158
4158
4157
4193
4203
4203
4243
4137
4117
4117
4100
4155
4110 	4237
4100
4097
4097 	4247 	4248
4246
4246
4155
4265
4161
4127
4153
4195
4264
4203
4195
4155
4137
4100
4203
4203
4264
4214 	4255 	4263
2621 	4250
4195
4087
4111
4160
4224
4224
4224
4224
4224
4224
4279
4279
4279
4094 	4276 	4277 	4278 	4291
4175
4098
4098
4098
4188 	4321 	4322
4093 	4119
4204
4204
4165
4165
4180
4279 	4292 	4293 	4294
4291
4291
4291
4181
4181
4181
4181
4088 	4318 	4319
4186
4218 	4302 	4303
4301
4301
4202
4102 	4212 	4307
4102
4305
4209
4209
4209
4209
4209
4210
4210
4210
4210
2556 	2621 	4101 	4128 	4174 	4186 	4221
4299
4299
4114
4284
4284
4129
4129
4148
4149
4342 	4375 	4387 	4392 	4410
4331 	4346
4331 	4377
4401
4328 	4329 	4407
4335 	4336 	4340 	4347 	4381 	4385 	4391 	4398 	4400 	4402 	4413
4340 	4355 	4357 	4359 	4383 	4391 	4395
4335
4332 	4334 	4347 	4381 	4398 	4402
4332 	4342 	4345 	4346 	4347 	4361 	4373 	4381 	4395
4386 	4402
4342
4340
4332 	4333 	4339 	4357 	4395 	4400
321 	4374 	4376
4327 	4336 	4338 	4345 	4365 	4368 	4375 	4404 	4411
4345 	4361 	4373 	4399
4352 	4384 	4385 	4401 	4408 	4413
4336 	4342 	4343 	4346 	4347 	4361 	4365 	4368 	4373 	4381 	4395 	4406 	4409 	4419
4328 	4336 	4345 	4357 	4360 	4377 	4381 	4407 	4417 	4418
4332 	4335 	4336 	4345 	4381 	4398 	4402
4417
4402
4351
4350 	4359 	4416
4344 	4363 	4374 	4376 	4381 	4384 	4392 	4398 	4401 	4408 	4413
4377 	4396 	4412
4404 	4410
4333 	4391 	4403
4357
4333 	4340 	4346 	4356 	4377 	4407 	4417
4359 	4364 	4416
4333 	4351 	4358 	4364 	4371 	4372 	4380 	4383 	4388 	4416
4346 	4409
4336 	4343 	4345 	4372 	4373 	4395 	4405 	4406 	4418 	4419
253 	4363
4352 	4362 	4369 	4370
4358 	4359 	4371 	4372 	4373 	4383
4342 	4345 	4368 	4372 	4373 	4399
4367
4366 	4368 	4374 	4376 	4392 	4404
4342 	4345 	4365 	4367 	4375 	4404 	4411
4363 	4374 	4392
4363 	4374 	4392
4359 	4364 	4372 	4380 	4397 	4416
4359 	4361 	4364 	4365 	4371 	4373 	4391 	4395
4336 	4343 	4345 	4361 	4364 	4365 	4372 	4395 	4396 	4405 	4412
4341 	4352 	4367 	4369 	4370 	4376 	4384 	4392
4327 	4342 	4368 	4381
4341 	4352 	4367 	4374 	4384 	4392
4329 	4346 	4353 	4357
4415
4380
4359 	4371 	4379 	4416
4332 	4335 	4336 	4345 	4346 	4347 	4352 	4375 	4398 	4402 	4408
4397 	4399
4333 	4359 	4364 	4391 	4395 	4403
4344 	4352 	4374 	4376 	4385 	4386 	4392 	4401 	4402 	4408 	4413
4332 	4344 	4384 	4413
4337 	4384 	4402 	4415
4327
4359
4391
4391
4332 	4333 	4355 	4372 	4383 	4389 	4390 	4395 	4396
4327 	4352 	4367 	4369 	4370 	4374 	4376 	4384 	4401 	4410
4395
4396
4333 	4336 	4340 	4345 	4361 	4372 	4373 	4383 	4391 	4393 	4396
4353 	4373 	4391 	4394 	4395
4371 	4382
4332 	4335 	4347 	4352 	4381 	4402
4343 	4365 	4382
4332 	4340
4330 	4344 	4352 	4384 	4392 	4402 	4408 	4413
4332 	4335 	4337 	4347 	4349 	4381 	4384 	4386 	4398 	4401
4355 	4383
4342 	4354 	4367 	4368 	4410 	4414
4361 	4373
4345 	4361
4331 	4346 	4357
4344 	4352 	4381 	4384 	4401 	4413
4345 	4360
4327 	4354 	4392 	4404
4342 	4368
4353 	4373
4332 	4344 	4352 	4384 	4385 	4401 	4408
4404
263 	4378 	4386
4351 	4358 	4359 	4371 	4380
4346 	4348 	4357
4346 	4361
4345 	4361
4421
4420 	4435 	4436 	4442
4424 	4432
238
4422
353
354 	4430
4429 	4443
326
4427
4426
309 	4433
4422 	4435
4431
4435
290 	4421 	4432 	4434 	4436
4421 	4435 	4439 	4442
1119 	4439 	4441
4439
4436 	4437 	4438 	4441
4441
4437 	4439 	4440 	4442
4421 	4436 	4441 	4443
4427 	4442
830 	4458 	4462
22 	2562 	4448
23 	84 	91 	475 	493 	4461
4448
49 	85 	521 	2562 	4445 	4447 	4458
4462
4462
4454
4454
4455
4451 	4452 	4458
4453 	4456 	4458
4455
843 	4458
514 	521 	569 	829 	837 	856 	2440 	4119 	4444 	4448 	4454 	4455 	4457 	4459 	4463 	4464 	4465 	4466
99 	4458
4461
24 	84 	132 	2562 	4446 	4460
826 	4444 	4449 	4450
4458
4458
4458
4458
4485 	4553
4485 	4613
4507 	4526 	4602 	4626 	4796
4639 	4676 	4766
4475 	4590
4671
4474 	4508 	4605 	4617 	4646
4473 	4476 	4652 	4867
4471 	4559
3362 	4474 	4477 	4628 	4662 	4678
4476 	4574 	4832
3378 	4479 	4485
4478 	4655
4481 	4485
4480 	4655
4483 	4590 	4772
4482 	4501 	4876
4540 	4688
4467 	4468 	4478 	4480 	4496 	4530 	4601
4487 	4533 	4550
4486 	4588 	4703
4529 	4562
4509 	4610
4500 	4648
2423 	4492 	4580 	4584 	4669
4491 	4543 	4582
4510 	4616 	4660 	4797
4596 	4702
4553 	4659
4485 	4767
4547 	4606 	4798
4499 	4500
4498 	4674
4490 	4498 	4501 	4764 	4765
4483 	4500
4503
4502 	4561 	4617
4522 	4589
4506 	4600
4505 	4546 	4660
2241 	4469 	4535
4473 	4542 	4575 	4636
3363 	4489 	4664
4493 	4626
4643 	4702
4518 	4607 	4613 	4696
4514 	4581 	4598
4513
4585 	4669
4517 	4554 	4614
4516 	4661
4512 	4691 	4778 	4782
4520 	4597
4519 	4521 	4592 	4620 	4699 	4800 	4801 	4802
4520
4504 	4554 	4620 	4768
4545 	4654
4579 	4659
4686 	4759
4469 	4803 	4804
4528
4527 	4545 	4676
4488 	4767
4485 	4687
4542 	4611 	4650
4596 	4651 	4826
4486 	4547
4535 	4541 	4618 	4673 	4722
2248 	4507 	4534
2248 	4631
4567 	4686 	4861 	4866
4597 	4771 	4805 	4806 	4807
4763 	4808 	4809
4484 	4588 	4789
4534 	4651 	4816
4508 	4531 	4675 	4799
4492 	4662
4579
4523 	4528
4506 	4700
4497 	4533 	4606
4549 	4638
4548 	4576 	4648
4486 	4624
4584 	4586
2409 	4627 	4652 	4719
4467 	4495 	4568
4516 	4522 	4666 	4701
4579 	4592
4648 	4670
4561 	4643
4700
4475
4622 	4677
4503 	4557 	4811
4488 	4612 	4622 	4679
2423 	4684
4565 	4602 	4813 	4814 	4815
4564 	4602 	4640
4567 	4763
4537 	4566 	4667
4553 	4679
4637 	4651
3364 	4571 	4614 	4621 	4761
4570 	4628
4573
2249 	4572 	4574 	4652
4477 	4573 	4594 	4595 	4656
4508 	4820
4549
4621 	4661
4722
4524 	4544 	4555 	4598
4491
4513 	4582 	4659
3352 	4492 	4581
4622 	4623
4491 	4551
4515 	4587 	4589
4551 	4589
4585
4487 	4540 	4694 	4788
4504 	4585 	4586
4471 	4482 	4657
4665 	4723
4520 	4555 	4635
4611
4574
4574
4494 	4532
4519 	4538
4513 	4579
4820
4505 	4624
4485 	4654
4469 	4564 	4565 	4611 	4641 	4820
3331
4605
4473 	4604 	4619
4497 	4547 	4703
4512 	4608 	4630
4607 	4644 	4655 	4690
4686 	4773
4489 	4636
4531 	4593 	4602
4562
4468 	4512
4516 	4570
4643 	4654
4493 	4683 	4791
4473 	4503
4534
4605 	4625 	4637
4520 	4522 	4776
4570 	4577 	4633
4560 	4562 	4583
4583
4550 	4600
4619
4469 	4510 	4786
4552 	4649 	4733
3643 	4476 	4571 	4662
4653
4607 	4672
2241 	4536
2409 	4743
4621 	4664
2355 	4683
4592
4508 	4610
4569 	4619 	4642
4548
4470 	4689
4565 	4641 	4821
4602 	4640 	4645
4637
4511 	4557 	4615 	4644
4608 	4643 	4652
4641 	4668
4473 	4675
4674
4490 	4549 	4556
2409 	4627 	4739 	4750 	4753
4531
4532 	4541 	4569 	4652 	4723 	4826
2249 	4474 	4552 	4573 	4644 	4651
4629 	4654
4523 	4601 	4615 	4653
3336 	4479 	4481 	4608 	4656
4574 	4655
4590 	4687
4660 	4700
4495 	4524 	4581
2387 	4493 	4506 	4658 	4688
4517 	4577 	4662
4476 	4543 	4628 	4661
4664
4509 	4633 	4663
4591
4554
4567 	4686 	4779
4645
4491 	4515
4556 	4689 	4827
4472 	4674
4630 	4676
4534 	4823
4499 	4647 	4671
4542 	4646 	4799
4470 	4528 	4672
3360 	4560 	4678 	4684
3361 	4476 	4677
4562 	4568
4826
4771 	4825
4683
4616 	4634 	4682
4563 	4677
4686 	4771
4525 	4537 	4609 	4667 	4685
4530 	4657
4484 	4660
4639 	4670 	4690 	4691
4608 	4689
4518 	4689 	4781
4694
4695
4588 	4692 	4695
2414 	4693 	4694 	4927
4512
4699 	4818
4699
4520 	4697 	4698
4546 	4558 	4658
4554
4494 	4511
4487 	4606 	4793
4711 	4746
4714 	4745
4716 	4719
4713 	4716
4728 	4729 	4733 	4746 	4752
4728 	4729
4714 	4724
4704 	4735
4727 	4728
4707 	4732
4705 	4710
4727 	4751
4706 	4707
4720 	4728
4731 	4737
4552 	4706 	4732
4717 	4736
4739 	4751 	4755
4534 	4578 	4723
4591 	4651 	4722
4710 	4735
4727 	4754
4749 	4756 	4784
4712 	4715 	4725 	4736 	4774 	4775
4708 	4709 	4712 	4717 	4748
4708 	4709
4748 	4751
4718 	4738
4713 	4719
4627 	4708 	4740 	4745 	4757
4738 	4744
4711 	4724
4720 	4727
4718 	4739
4731 	4734
4649 	4721 	4737 	4742
4733 	4747
4742 	4747
4739 	4741
2209 	4632
4734 	4751
4705 	4733
4704 	4708
4740 	4741
4728 	4730
2409 	4726 	4754 	4784
4649 	4751
4715 	4721 	4730 	4744 	4750
4708
2409 	4649 	4754
4725 	4749 	4753
4721 	4758 	4812
4726
4733
4755
3334 	4525
4761
4570 	4760 	4777
4768
4539 	4566
4500
4500
4470
4496 	4529 	4769
4522 	4762
4767 	4770
4769
4538 	4681 	4685
4482
4609
4727
4727
4620
4761
4518
4667 	4780
4779 	4824
4691
4518 	4827
4784
4726 	4749 	4783
4786
4626 	4785
4794
4588 	4792
4540
4791
4616 	4790
4788 	4793 	4795
4703 	4792 	4794
4787 	4793
4792
4469
4493
4497 	4822
4542 	4675
4520
4520
4520
4526
4526
4538
4538
4538
4539
4539
4823
4561
4755
4564
4564
4564
4541 	4817
4816
4697
4820
4575 	4599 	4602 	4819
4640
4798
4673 	4810
4780
4681
4532 	4651 	4680
4670 	4782
4866 	4884 	4897
4866 	4874
3322 	4831 	4845
3331 	4830 	4899
4477 	4837 	4841 	4889
4896 	4898
4847 	4916 	4923
4836
4835 	4837 	4849 	4884 	4897
2312 	4832 	4836
4881 	4890 	4904
4903 	4904
4841 	4842 	4843 	4867
4832 	4840 	4844 	4887
4840
4840
4841
3454 	4830
4848
4834 	4848 	4878
4846 	4847 	4873 	4883 	4900
2396 	4836
3381 	3385 	4908 	4909 	4922
4855 	4892
4860 	4882
4854
2265 	4853 	4897
980 	4851
4859 	4871
4859
4860
2365 	4856 	4857 	4860
4852 	4858 	4859
3295 	4537 	4867
3543 	4863 	4878
4862 	4877
3318 	4879 	4887
3337 	4923
4537 	4828 	4829 	4867
4474 	4840 	4861 	4866 	4868 	4869 	4925
4867
4867
4880 	4913
4856 	4893
4873 	4890 	4905 	4917
4848 	4872 	4891
4829 	4884 	4885
3341 	3369 	4876
3333 	3342 	4483 	4875 	4883
4863 	4885
3372 	3387 	4847 	4862 	4879 	4881 	4914 	4920 	4924
4864 	4878 	4902
4870 	4900 	4915
4838 	4878
138 	4852
3348 	4848 	4876
4828 	4836 	4874
3642 	3649 	4874 	4877 	4886
4885 	4887 	4888
4841 	4864 	4886 	4889
3345 	4886 	4889 	4900
4832 	4887 	4888
4838 	4872
4873 	4893
4851 	4893
68 	4871 	4891 	4892 	4894
1030 	4893
4925
4833 	4926
2214 	4828 	4836 	4854
4833 	4899 	4926
4831 	4898 	4925
4848 	4880 	4888
4902 	4907 	4909 	4921
1033 	4879 	4901
4839 	4905
4838 	4839
4872 	4903
4907 	4908
4901 	4906
4850 	4906 	4919
4850 	4901
4914 	4924
4921
4923
4870 	4918
4878 	4910
4880
4834
4872 	4922
4913 	4924
4908
4878
4901 	4911
4850 	4917
4834 	4865 	4912
4878 	4910 	4918
4867 	4895 	4899
4896 	4898
4695 	4928
776 	4927 	4929
4928 	4938
3 	4931 	4937
4930
4934 	4935
4934 	4939
782 	4932 	4933
4932 	4937
4938
4930 	4935
4929 	4936
4933 	4940
819 	4939
